# t,x
-2.000000000000000000e+00,2.000000000000000000e+00
-1.997999999999999998e+00,1.981024207334700415e+00
-1.995999999999999996e+00,1.924727502869546747e+00
-1.993999999999999995e+00,1.832979670239917258e+00
-1.991999999999999993e+00,1.708823679805635987e+00
-1.989999999999999991e+00,1.556368413421093777e+00
-1.987999999999999989e+00,1.380643836311694184e+00
-1.985999999999999988e+00,1.187423744818697724e+00
-1.983999999999999986e+00,9.830223668951687532e-01
-1.981999999999999984e+00,7.740720180020435048e-01
-1.979999999999999982e+00,5.672896856688860456e-01
-1.977999999999999980e+00,3.692408076929633576e-01
-1.975999999999999979e+00,1.861086078797200560e-01
-1.973999999999999977e+00,2.347715587202303666e-02
-1.971999999999999975e+00,-1.138641690324228017e-01
-1.969999999999999973e+00,-2.220878888737525259e-01
-1.967999999999999972e+00,-2.984613955016781617e-01
-1.965999999999999970e+00,-3.414409726753184771e-01
-1.963999999999999968e+00,-3.507235480382928650e-01
-1.961999999999999966e+00,-3.272543490437372915e-01
-1.959999999999999964e+00,-2.731901993959452435e-01
-1.957999999999999963e+00,-1.918197643803797869e-01
-1.955999999999999961e+00,-8.744357888893983244e-02
-1.953999999999999959e+00,3.478188302899731799e-02
-1.951999999999999957e+00,1.690305641275451354e-01
-1.949999999999999956e+00,3.090169943749794257e-01
-1.947999999999999954e+00,4.482228208756305898e-01
-1.945999999999999952e+00,5.801316626067527515e-01
-1.943999999999999950e+00,6.984639601739093262e-01
-1.941999999999999948e+00,7.974034908021778723e-01
-1.939999999999999947e+00,8.718075139042750221e-01
-1.937999999999999945e+00,9.173930923493823775e-01
-1.935999999999999943e+00,9.308929784586991163e-01
-1.933999999999999941e+00,9.101755318775246462e-01
-1.931999999999999940e+00,8.543244106298332197e-01
-1.929999999999999938e+00,7.636752017094179390e-01
-1.927999999999999936e+00,6.398076830201235854e-01
-1.925999999999999934e+00,4.854939803057840009e-01
-1.923999999999999932e+00,3.046044452256869151e-01
-1.921999999999999931e+00,1.019745785798907844e-01
-1.919999999999999929e+00,-1.167622971901632334e-01
-1.917999999999999927e+00,-3.453706986010461888e-01
-1.915999999999999925e+00,-5.772300533108507548e-01
-1.913999999999999924e+00,-8.055655036530795510e-01
-1.911999999999999922e+00,-1.023684274622612023e+00
-1.909999999999999920e+00,-1.225209242041186641e+00
-1.907999999999999918e+00,-1.404301435542466114e+00
-1.905999999999999917e+00,-1.555863602711312410e+00
-1.903999999999999915e+00,-1.675717631312444222e+00
-1.901999999999999913e+00,-1.760749552295722165e+00
-1.899999999999999911e+00,-1.809016994374948339e+00
-1.897999999999999909e+00,-1.819815290770828486e+00
-1.895999999999999908e+00,-1.793699903081074520e+00
-1.893999999999999906e+00,-1.732464374315553002e+00
-1.891999999999999904e+00,-1.639074598106389891e+00
-1.889999999999999902e+00,-1.517561738180697173e+00
-1.887999999999999901e+00,-1.372877596559801683e+00
-1.885999999999999899e+00,-1.210717558750914025e+00
-1.883999999999999897e+00,-1.037317392315854292e+00
-1.881999999999999895e+00,-8.592311009648829767e-01
-1.879999999999999893e+00,-6.830977069395043344e-01
-1.878000000000000114e+00,-5.154052261588901729e-01
-1.875999999999999890e+00,-3.622601995345958725e-01
-1.874000000000000110e+00,-2.291709465075106866e-01
-1.871999999999999886e+00,-1.208522202167314763e-01
-1.870000000000000107e+00,-4.105818501931857156e-02
-1.867999999999999883e+00,7.550366785276318993e-03
-1.866000000000000103e+00,2.349985564169343455e-02
-1.863999999999999879e+00,6.555489542540926529e-03
-1.862000000000000099e+00,-4.227125252872532268e-02
-1.859999999999999876e+00,-1.207594915133256563e-01
-1.858000000000000096e+00,-2.255588647563215865e-01
-1.855999999999999872e+00,-3.523096538345709128e-01
-1.854000000000000092e+00,-4.957988645081668477e-01
-1.852000000000000091e+00,-6.501467254564381459e-01
-1.850000000000000089e+00,-8.090169943749477843e-01
-1.848000000000000087e+00,-9.658436161527597097e-01
-1.846000000000000085e+00,-1.114065698108877456e+00
-1.844000000000000083e+00,-1.247362472188283888e+00
-1.842000000000000082e+00,-1.359879914049723970e+00
-1.840000000000000080e+00,-1.446440984123649187e+00
-1.838000000000000078e+00,-1.502732035523541398e+00
-1.836000000000000076e+00,-1.525458777616821138e+00
-1.834000000000000075e+00,-1.512466262209780865e+00
-1.832000000000000073e+00,-1.462818633479808339e+00
-1.830000000000000071e+00,-1.376835807860223415e+00
-1.828000000000000069e+00,-1.256085775565651597e+00
-1.826000000000000068e+00,-1.103332787298774376e+00
-1.824000000000000066e+00,-9.224432522186595262e-01
-1.822000000000000064e+00,-7.182526711254200169e-01
-1.820000000000000062e+00,-4.963983089606714971e-01
-1.818000000000000060e+00,-2.631235242489282089e-01
-1.816000000000000059e+00,-2.506067702140916953e-02
-1.814000000000000057e+00,2.109997044949259437e-01
-1.812000000000000055e+00,4.383453314484362928e-01
-1.810000000000000053e+00,6.505757718218080354e-01
-1.808000000000000052e+00,8.418250122948958136e-01
-1.806000000000000050e+00,1.006965090696909870e+00
-1.804000000000000048e+00,1.141783595810315521e+00
-1.802000000000000046e+00,1.243128757018584274e+00
-1.800000000000000044e+00,1.309016994374949228e+00
-1.798000000000000043e+00,1.338699129441933700e+00
-1.796000000000000041e+00,1.332682921601914927e+00
-1.794000000000000039e+00,1.292711141592039370e+00
-1.792000000000000037e+00,1.221695968969689794e+00
-1.790000000000000036e+00,1.123612047271466130e+00
-1.788000000000000034e+00,1.003351994987330631e+00
-1.786000000000000032e+00,8.665495002551668602e-01
-1.784000000000000030e+00,7.193762752822632223e-01
-1.782000000000000028e+00,5.683200722484875733e-01
-1.780000000000000027e+00,4.199516330464402314e-01
-1.778000000000000025e+00,2.806888369097297331e-01
-1.776000000000000023e+00,1.565664088991338687e-01
-1.774000000000000021e+00,5.301935485262465608e-02
-1.772000000000000020e+00,-2.531219824917418926e-02
-1.770000000000000018e+00,-7.474983625129250076e-02
-1.768000000000000016e+00,-9.270944974810935157e-02
-1.766000000000000014e+00,-7.779488106240151080e-02
-1.764000000000000012e+00,-2.984930347475234225e-02
-1.762000000000000011e+00,5.003749228063392174e-02
-1.760000000000000009e+00,1.595661667536881767e-01
-1.758000000000000007e+00,2.953079464555699030e-01
-1.756000000000000005e+00,4.528249497589396100e-01
-1.754000000000000004e+00,6.268264642966285827e-01
-1.752000000000000002e+00,8.113556420203091868e-01
-1.750000000000000000e+00,1.000000000000025979e+00
-1.747999999999999998e+00,1.186118271191749285e+00
-1.745999999999999996e+00,1.363075569665993525e+00
-1.743999999999999995e+00,1.524478539716932923e+00
-1.741999999999999993e+00,1.664402158312940250e+00
-1.739999999999999991e+00,1.777600155503588519e+00
-1.737999999999999989e+00,1.859691597212672631e+00
-1.735999999999999988e+00,1.907317018782506812e+00
-1.733999999999999986e+00,1.918258575794141052e+00
-1.731999999999999984e+00,1.891519952880844624e+00
-1.729999999999999982e+00,1.827363196339015339e+00
-1.727999999999999980e+00,1.727301161838545429e+00
-1.725999999999999979e+00,1.594045840404199499e+00
-1.723999999999999977e+00,1.431414388396516246e+00
-1.721999999999999975e+00,1.244196185113146891e+00
-1.719999999999999973e+00,1.037985621796329472e+00
-1.717999999999999972e+00,8.189865393770994206e-01
-1.715999999999999970e+00,5.937952362236207371e-01
-1.713999999999999968e+00,3.691697259254506647e-01
-1.711999999999999966e+00,1.517934118571873658e-01
-1.709999999999999964e+00,-5.195845731349424401e-02
-1.707999999999999963e+00,-2.362412858731393062e-01
-1.705999999999999961e+00,-3.959447094119914468e-01
-1.703999999999999959e+00,-5.268700501745965381e-01
-1.701999999999999957e+00,-6.258753720154478506e-01
-1.699999999999999956e+00,-6.909830056250541030e-01
-1.697999999999999954e+00,-7.214457444387936125e-01
-1.695999999999999952e+00,-7.177693759661885053e-01
-1.693999999999999950e+00,-6.816907603071253874e-01
-1.691999999999999948e+00,-6.161122425479196307e-01
-1.689999999999999947e+00,-5.249947327631362404e-01
-1.687999999999999945e+00,-4.132132516817147438e-01
-1.685999999999999943e+00,-2.863800698347709894e-01
-1.683999999999999941e+00,-1.506417160800320176e-01
-1.681999999999999940e+00,-1.245705712032499357e-02
-1.679999999999999938e+00,1.216356797892363950e-01
-1.677999999999999936e+00,2.452546770780141272e-01
-1.675999999999999934e+00,3.524047272787156904e-01
-1.673999999999999932e+00,4.376936982528124020e-01
-1.671999999999999931e+00,4.965275845220766815e-01
-1.669999999999999929e+00,5.252772247300803166e-01
-1.667999999999999927e+00,5.214107691491467467e-01
-1.665999999999999925e+00,4.835871946467587001e-01
-1.663999999999999924e+00,4.117075446404383499e-01
-1.661999999999999922e+00,3.069220694084866530e-01
-1.659999999999999920e+00,1.715930046262371667e-01
-1.657999999999999918e+00,9.214297807650262406e-03
-1.655999999999999917e+00,-1.757088822303098929e-01
-1.653999999999999915e+00,-3.778165927395338297e-01
-1.651999999999999913e+00,-5.910809869813140605e-01
-1.649999999999999911e+00,-8.090169943749704329e-01
-1.648000000000000131e+00,-1.024909354627868696e+00
-1.645999999999999908e+00,-1.232047969877526405e+00
-1.644000000000000128e+00,-1.423963243792535804e+00
-1.641999999999999904e+00,-1.594653076613709031e+00
-1.640000000000000124e+00,-1.738793480263206570e+00
-1.637999999999999901e+00,-1.851925357460774801e+00
-1.636000000000000121e+00,-1.930610832714718228e+00
-1.633999999999999897e+00,-1.972553601214850794e+00
-1.632000000000000117e+00,-1.976679035843684318e+00
-1.629999999999999893e+00,-1.943171217609622081e+00
-1.628000000000000114e+00,-1.873465580304470635e+00
-1.625999999999999890e+00,-1.770197432059074538e+00
-1.624000000000000110e+00,-1.637108179031986133e+00
-1.621999999999999886e+00,-1.478912574362316157e+00
-1.620000000000000107e+00,-1.301131695689430101e+00
-1.617999999999999883e+00,-1.109897568093476394e+00
-1.616000000000000103e+00,-9.117363532572497764e-01
-1.613999999999999879e+00,-7.133377844212072105e-01
-1.612000000000000099e+00,-5.213190134296672440e-01
-1.609999999999999876e+00,-3.419912335957422389e-01
-1.608000000000000096e+00,-1.811373432635869918e-01
-1.605999999999999872e+00,-4.380852331150952850e-02
-1.604000000000000092e+00,6.585306869542206787e-02
-1.601999999999999869e+00,1.447592106865541739e-01
-1.600000000000000089e+00,1.909830056250534369e-01
-1.597999999999999865e+00,2.038249491616606068e-01
-1.596000000000000085e+00,1.838353404640721278e-01
-1.593999999999999861e+00,1.327922482927156311e-01
-1.592000000000000082e+00,5.363581930037342183e-02
-1.589999999999999858e+00,-4.963873745623148537e-02
-1.588000000000000078e+00,-1.721256914924545467e-01
-1.585999999999999854e+00,-3.081857293233696282e-01
-1.584000000000000075e+00,-4.516490142521922269e-01
-1.582000000000000073e+00,-5.960371657296420489e-01
-1.580000000000000071e+00,-7.347962859400369862e-01
-1.578000000000000069e+00,-8.615327696235117738e-01
-1.576000000000000068e+00,-9.702435342716824174e-01
-1.574000000000000066e+00,-1.055532505245779351e+00
-1.572000000000000064e+00,-1.112805677067586929e+00
-1.570000000000000062e+00,-1.138437830880883128e+00
-1.568000000000000060e+00,-1.129904991999116870e+00
-1.566000000000000059e+00,-1.085877924979016695e+00
-1.564000000000000057e+00,-1.006273343798561593e+00
-1.562000000000000055e+00,-8.922610125826605509e-01
-1.560000000000000053e+00,-7.462264748456318708e-01
-1.558000000000000052e+00,-5.716907210552012453e-01
-1.556000000000000050e+00,-3.731896297840942012e-01
-1.554000000000000048e+00,-1.561174427626236261e-01
-1.552000000000000046e+00,7.346019170417830702e-02
-1.550000000000000044e+00,3.090169943749670467e-01
-1.548000000000000043e+00,5.437931932989731321e-01
-1.546000000000000041e+00,7.710309883983510471e-01
-1.544000000000000039e+00,9.842100110690437109e-01
-1.542000000000000037e+00,1.177274447476982733e+00
-1.540000000000000036e+00,1.344843789353949326e+00
-1.538000000000000034e+00,1.482399755888298420e+00
-1.536000000000000032e+00,1.586442774218966179e+00
-1.534000000000000030e+00,1.654612484181226861e+00
-1.532000000000000028e+00,1.685768007127281809e+00
-1.530000000000000027e+00,1.680025143716564084e+00
-1.528000000000000025e+00,1.638749191055308252e+00
-1.526000000000000023e+00,1.564503641423611757e+00
-1.524000000000000021e+00,1.460956587377118643e+00
-1.522000000000000020e+00,1.332748155896398501e+00
-1.520000000000000018e+00,1.185323674418794271e+00
-1.518000000000000016e+00,1.024738485130674892e+00
-1.516000000000000014e+00,8.574413278365456970e-01
-1.514000000000000012e+00,6.900439704890005688e-01
-1.512000000000000011e+00,5.290852531815688486e-01
-1.510000000000000009e+00,3.807979088361499453e-01
-1.508000000000000007e+00,2.508864249628213194e-01
-1.506000000000000005e+00,1.443238192358986538e-01
-1.504000000000000004e+00,6.517453109304460757e-02
-1.502000000000000002e+00,1.644970587732508260e-02
-1.500000000000000000e+00,0.000000000000000000e+00
-1.497999999999999998e+00,1.644970587733107781e-02
-1.495999999999999996e+00,6.517453109305637593e-02
-1.493999999999999995e+00,1.443238192359155292e-01
-1.491999999999999993e+00,2.508864249628428578e-01
-1.489999999999999991e+00,3.807979088361752584e-01
-1.487999999999999989e+00,5.290852531815971593e-01
-1.485999999999999988e+00,6.900439704890307668e-01
-1.483999999999999986e+00,8.574413278365767832e-01
-1.481999999999999984e+00,1.024738485130705756e+00
-1.479999999999999982e+00,1.185323674418823581e+00
-1.477999999999999980e+00,1.332748155896425146e+00
-1.475999999999999979e+00,1.460956587377141958e+00
-1.473999999999999977e+00,1.564503641423630853e+00
-1.471999999999999975e+00,1.638749191055322019e+00
-1.469999999999999973e+00,1.680025143716572078e+00
-1.467999999999999972e+00,1.685768007127283585e+00
-1.465999999999999970e+00,1.654612484181222642e+00
-1.463999999999999968e+00,1.586442774218955964e+00
-1.461999999999999966e+00,1.482399755888282211e+00
-1.459999999999999964e+00,1.344843789353928010e+00
-1.457999999999999963e+00,1.177274447476956531e+00
-1.455999999999999961e+00,9.842100110690138459e-01
-1.453999999999999959e+00,7.710309883983182955e-01
-1.451999999999999957e+00,5.437931932989386041e-01
-1.449999999999999956e+00,3.090169943749318526e-01
-1.447999999999999954e+00,7.346019170414372357e-02
-1.445999999999999952e+00,-1.561174427626565719e-01
-1.443999999999999950e+00,-3.731896297841243992e-01
-1.441999999999999948e+00,-5.716907210552276686e-01
-1.439999999999999947e+00,-7.462264748456538532e-01
-1.437999999999999945e+00,-8.922610125826773153e-01
-1.435999999999999943e+00,-1.006273343798572473e+00
-1.433999999999999941e+00,-1.085877924979021580e+00
-1.431999999999999940e+00,-1.129904991999115538e+00
-1.429999999999999938e+00,-1.138437830880876023e+00
-1.427999999999999936e+00,-1.112805677067574273e+00
-1.425999999999999934e+00,-1.055532505245761588e+00
-1.423999999999999932e+00,-9.702435342716602129e-01
-1.422000000000000153e+00,-8.615327696235111077e-01
-1.419999999999999929e+00,-7.347962859400087865e-01
-1.418000000000000149e+00,-5.960371657296407166e-01
-1.415999999999999925e+00,-4.516490142521625284e-01
-1.414000000000000146e+00,-3.081857293233407624e-01
-1.411999999999999922e+00,-1.721256914924276238e-01
-1.410000000000000142e+00,-4.963873745620761557e-02
-1.407999999999999918e+00,5.363581930039340584e-02
-1.406000000000000139e+00,1.327922482927309522e-01
-1.403999999999999915e+00,1.838353404640820088e-01
-1.402000000000000135e+00,2.038249491616647147e-01
-1.399999999999999911e+00,1.909830056250517716e-01
-1.398000000000000131e+00,1.447592106865465134e-01
-1.395999999999999908e+00,6.585306869540852315e-02
-1.394000000000000128e+00,-4.380852331152818024e-02
-1.391999999999999904e+00,-1.811373432636104175e-01
-1.390000000000000124e+00,-3.419912335957694394e-01
-1.387999999999999901e+00,-5.213190134296974421e-01
-1.386000000000000121e+00,-7.133377844212394070e-01
-1.383999999999999897e+00,-9.117363532572826390e-01
-1.382000000000000117e+00,-1.109897568093509035e+00
-1.379999999999999893e+00,-1.301131695689461187e+00
-1.378000000000000114e+00,-1.478912574362344801e+00
-1.375999999999999890e+00,-1.637108179032011446e+00
-1.374000000000000110e+00,-1.770197432059094966e+00
-1.371999999999999886e+00,-1.873465580304485734e+00
-1.370000000000000107e+00,-1.943171217609631629e+00
-1.367999999999999883e+00,-1.976679035843687871e+00
-1.366000000000000103e+00,-1.972553601214847907e+00
-1.363999999999999879e+00,-1.930610832714709346e+00
-1.362000000000000099e+00,-1.851925357460760146e+00
-1.359999999999999876e+00,-1.738793480263186364e+00
-1.358000000000000096e+00,-1.594653076613684384e+00
-1.355999999999999872e+00,-1.423963243792519151e+00
-1.354000000000000092e+00,-1.232047969877507976e+00
-1.351999999999999869e+00,-1.024909354627835389e+00
-1.350000000000000089e+00,-8.090169943749363490e-01
-1.347999999999999865e+00,-5.910809869812619910e-01
-1.346000000000000085e+00,-3.778165927395017443e-01
-1.343999999999999861e+00,-1.757088822302634856e-01
-1.342000000000000082e+00,9.214297807665583484e-03
-1.339999999999999858e+00,1.715930046262805764e-01
-1.338000000000000078e+00,3.069220694085027512e-01
-1.335999999999999854e+00,4.117075446404582229e-01
-1.334000000000000075e+00,4.835871946467631410e-01
-1.331999999999999851e+00,5.214107691491435270e-01
-1.330000000000000071e+00,5.252772247300774300e-01
-1.327999999999999847e+00,4.965275845220500917e-01
-1.326000000000000068e+00,4.376936982527945275e-01
-1.323999999999999844e+00,3.524047272786894336e-01
-1.322000000000000064e+00,2.452546770779886753e-01
-1.319999999999999840e+00,1.216356797892019503e-01
-1.318000000000000060e+00,-1.245705712034009260e-02
-1.315999999999999837e+00,-1.506417160800826438e-01
-1.314000000000000057e+00,-2.863800698347993556e-01
-1.311999999999999833e+00,-4.132132516817468848e-01
-1.310000000000000053e+00,-5.249947327631594440e-01
-1.307999999999999829e+00,-6.161122425479415021e-01
-1.306000000000000050e+00,-6.816907603071322708e-01
-1.303999999999999826e+00,-7.177693759662011619e-01
-1.302000000000000046e+00,-7.214457444387968321e-01
-1.299999999999999822e+00,-6.909830056250445551e-01
-1.298000000000000043e+00,-6.258753720154389688e-01
-1.296000000000000041e+00,-5.268700501745818832e-01
-1.294000000000000039e+00,-3.959447094119790678e-01
-1.292000000000000037e+00,-2.362412858731146037e-01
-1.290000000000000036e+00,-5.195845731346571128e-02
-1.288000000000000034e+00,1.517934118572062396e-01
-1.286000000000000032e+00,3.691697259254843599e-01
-1.284000000000000030e+00,5.937952362236551540e-01
-1.282000000000000028e+00,8.189865393771195157e-01
-1.280000000000000027e+00,1.037985621796362334e+00
-1.278000000000000025e+00,1.244196185113177311e+00
-1.276000000000000023e+00,1.431414388396532011e+00
-1.274000000000000021e+00,1.594045840404221703e+00
-1.272000000000000020e+00,1.727301161838562527e+00
-1.270000000000000018e+00,1.827363196339020446e+00
-1.268000000000000016e+00,1.891519952880849953e+00
-1.266000000000000014e+00,1.918258575794141496e+00
-1.264000000000000012e+00,1.907317018782503260e+00
-1.262000000000000011e+00,1.859691597212660863e+00
-1.260000000000000009e+00,1.777600155503570090e+00
-1.258000000000000007e+00,1.664402158312927593e+00
-1.256000000000000005e+00,1.524478539716905612e+00
-1.254000000000000004e+00,1.363075569665963549e+00
-1.252000000000000002e+00,1.186118271191731299e+00
-1.250000000000000000e+00,9.999999999999936717e-01
-1.247999999999999998e+00,8.113556420202772124e-01
-1.245999999999999996e+00,6.268264642966114852e-01
-1.243999999999999995e+00,4.528249497588993089e-01
-1.241999999999999993e+00,2.953079464555458111e-01
-1.239999999999999991e+00,1.595661667536768524e-01
-1.237999999999999989e+00,5.003749228061438181e-02
-1.235999999999999988e+00,-2.984930347476144608e-02
-1.233999999999999986e+00,-7.779488106240239897e-02
-1.231999999999999984e+00,-9.270944974810468864e-02
-1.229999999999999982e+00,-7.474983625128561737e-02
-1.227999999999999980e+00,-2.531219824916708383e-02
-1.225999999999999979e+00,5.301935485265063530e-02
-1.223999999999999977e+00,1.565664088991569614e-01
-1.221999999999999975e+00,2.806888369097437219e-01
-1.219999999999999973e+00,4.199516330464849734e-01
-1.217999999999999972e+00,5.683200722485175493e-01
-1.215999999999999970e+00,7.193762752822817630e-01
-1.213999999999999968e+00,8.665495002552097148e-01
-1.211999999999999966e+00,1.003351994987354612e+00
-1.209999999999999964e+00,1.123612047271478342e+00
-1.207999999999999963e+00,1.221695968969715995e+00
-1.205999999999999961e+00,1.292711141592054025e+00
-1.203999999999999959e+00,1.332682921601915593e+00
-1.201999999999999957e+00,1.338699129441943025e+00
-1.199999999999999956e+00,1.309016994374946341e+00
-1.197999999999999954e+00,1.243128757018581387e+00
-1.195999999999999952e+00,1.141783595810295315e+00
-1.193999999999999950e+00,1.006965090696886111e+00
-1.191999999999999948e+00,8.418250122948804925e-01
-1.189999999999999947e+00,6.505757718217639596e-01
-1.187999999999999945e+00,4.383453314484040964e-01
-1.185999999999999943e+00,2.109997044949019074e-01
-1.183999999999999941e+00,-2.506067702145500786e-02
-1.181999999999999940e+00,-2.631235242489632364e-01
-1.179999999999999938e+00,-4.963983089606881505e-01
-1.177999999999999936e+00,-7.182526711254637597e-01
-1.175999999999999934e+00,-9.224432522186838401e-01
-1.173999999999999932e+00,-1.103332787298788586e+00
-1.171999999999999931e+00,-1.256085775565680018e+00
-1.169999999999999929e+00,-1.376835807860236072e+00
-1.167999999999999927e+00,-1.462818633479816111e+00
-1.165999999999999925e+00,-1.512466262209777534e+00
-1.164000000000000146e+00,-1.525458777616819583e+00
-1.161999999999999922e+00,-1.502732035523533405e+00
-1.160000000000000142e+00,-1.446440984123638085e+00
-1.157999999999999918e+00,-1.359879914049699989e+00
-1.156000000000000139e+00,-1.247362472188277671e+00
-1.153999999999999915e+00,-1.114065698108838598e+00
-1.152000000000000135e+00,-9.658436161527532704e-01
-1.149999999999999911e+00,-8.090169943749334625e-01
-1.148000000000000131e+00,-6.501467254564181619e-01
-1.145999999999999908e+00,-4.957988645081382040e-01
-1.144000000000000128e+00,-3.523096538345450446e-01
-1.141999999999999904e+00,-2.255588647562888349e-01
-1.140000000000000124e+00,-1.207594915133076707e-01
-1.137999999999999901e+00,-4.227125252871855032e-02
-1.136000000000000121e+00,6.555489542545700488e-03
-1.133999999999999897e+00,2.349985564169487784e-02
-1.132000000000000117e+00,7.550366785272433212e-03
-1.129999999999999893e+00,-4.105818501933333753e-02
-1.128000000000000114e+00,-1.208522202167542359e-01
-1.125999999999999890e+00,-2.291709465075222329e-01
-1.124000000000000110e+00,-3.622601995346095283e-01
-1.121999999999999886e+00,-5.154052261589185946e-01
-1.120000000000000107e+00,-6.830977069395347545e-01
-1.117999999999999883e+00,-8.592311009649280518e-01
-1.116000000000000103e+00,-1.037317392315900033e+00
-1.113999999999999879e+00,-1.210717558750957323e+00
-1.112000000000000099e+00,-1.372877596559817226e+00
-1.109999999999999876e+00,-1.517561738180742692e+00
-1.108000000000000096e+00,-1.639074598106410763e+00
-1.105999999999999872e+00,-1.732464374315573430e+00
-1.104000000000000092e+00,-1.793699903081090063e+00
-1.101999999999999869e+00,-1.819815290770831595e+00
-1.100000000000000089e+00,-1.809016994374948784e+00
-1.097999999999999865e+00,-1.760749552295704401e+00
-1.096000000000000085e+00,-1.675717631312432676e+00
-1.093999999999999861e+00,-1.555863602711280658e+00
-1.092000000000000082e+00,-1.404301435542429477e+00
-1.089999999999999858e+00,-1.225209242041144231e+00
-1.088000000000000078e+00,-1.023684274622590484e+00
-1.085999999999999854e+00,-8.055655036530152691e-01
-1.084000000000000075e+00,-5.772300533108128962e-01
-1.081999999999999851e+00,-3.453706986009943414e-01
-1.080000000000000071e+00,-1.167622971901163265e-01
-1.077999999999999847e+00,1.019745785799375803e-01
-1.076000000000000068e+00,3.046044452257035684e-01
-1.073999999999999844e+00,4.854939803058357373e-01
-1.072000000000000064e+00,6.398076830201420151e-01
-1.069999999999999840e+00,7.636752017094422529e-01
-1.068000000000000060e+00,8.543244106298419904e-01
-1.065999999999999837e+00,9.101755318775317516e-01
-1.064000000000000057e+00,9.308929784586940093e-01
-1.061999999999999833e+00,9.173930923493666123e-01
-1.060000000000000053e+00,8.718075139042552602e-01
-1.057999999999999829e+00,7.974034908021538914e-01
-1.056000000000000050e+00,6.984639601738694692e-01
-1.053999999999999826e+00,5.801316626067157811e-01
-1.052000000000000046e+00,4.482228208756190435e-01
-1.049999999999999822e+00,3.090169943749248582e-01
-1.048000000000000043e+00,1.690305641275194892e-01
-1.045999999999999819e+00,3.478188302896001449e-02
-1.044000000000000039e+00,-8.744357888897652531e-02
-1.041999999999999815e+00,-1.918197643804081531e-01
-1.040000000000000036e+00,-2.731901993959533481e-01
-1.038000000000000034e+00,-3.272543490437576086e-01
-1.036000000000000032e+00,-3.507235480382986381e-01
-1.034000000000000030e+00,-3.414409726753147023e-01
-1.032000000000000028e+00,-2.984613955016701681e-01
-1.030000000000000027e+00,-2.220878888737380930e-01
-1.028000000000000025e+00,-1.138641690324121436e-01
-1.026000000000000023e+00,2.347715587205445598e-02
-1.024000000000000021e+00,1.861086078797447030e-01
-1.022000000000000020e+00,3.692408076929806771e-01
-1.020000000000000018e+00,5.672896856689300105e-01
-1.018000000000000016e+00,7.740720180020768115e-01
-1.016000000000000014e+00,9.830223668951894034e-01
-1.014000000000000012e+00,1.187423744818743687e+00
-1.012000000000000011e+00,1.380643836311725270e+00
-1.010000000000000009e+00,1.556368413421109320e+00
-1.008000000000000007e+00,1.708823679805668627e+00
-1.006000000000000005e+00,1.832979670239934578e+00
-1.004000000000000004e+00,1.924727502869553852e+00
-1.002000000000000002e+00,1.981024207334709075e+00
-1.000000000000000000e+00,2.000000000000000000e+00
-9.979999999999999982e-01,1.981024207334705078e+00
-9.959999999999999964e-01,1.924727502869545415e+00
-9.939999999999999947e-01,1.832979670239922587e+00
-9.919999999999999929e-01,1.708823679805653306e+00
-9.899999999999999911e-01,1.556368413421091335e+00
-9.879999999999999893e-01,1.380643836311705286e+00
-9.859999999999999876e-01,1.187423744818722149e+00
-9.839999999999999858e-01,9.830223668951670879e-01
-9.819999999999999840e-01,7.740720180020546071e-01
-9.799999999999999822e-01,5.672896856689085832e-01
-9.779999999999999805e-01,3.692408076929608041e-01
-9.759999999999999787e-01,1.861086078797269394e-01
-9.739999999999999769e-01,2.347715587203946797e-02
-9.719999999999999751e-01,-1.138641690324238009e-01
-9.699999999999999734e-01,-2.220878888737460866e-01
-9.679999999999999716e-01,-2.984613955016742759e-01
-9.659999999999999698e-01,-3.414409726753148133e-01
-9.639999999999999680e-01,-3.507235480382948634e-01
-9.619999999999999662e-01,-3.272543490437500591e-01
-9.599999999999999645e-01,-2.731901993959423569e-01
-9.579999999999999627e-01,-1.918197643803899455e-01
-9.559999999999999609e-01,-8.744357888896003850e-02
-9.539999999999999591e-01,3.478188302899820616e-02
-9.519999999999999574e-01,1.690305641275388349e-01
-9.499999999999999556e-01,3.090169943749553894e-01
-9.479999999999999538e-01,4.482228208756383059e-01
-9.459999999999999520e-01,5.801316626067436477e-01
-9.439999999999999503e-01,6.984639601738857895e-01
-9.419999999999999485e-01,7.974034908021813139e-01
-9.399999999999999467e-01,8.718075139042660293e-01
-9.379999999999999449e-01,9.173930923493727185e-01
-9.359999999999999432e-01,9.308929784586974510e-01
-9.339999999999999414e-01,9.101755318775285319e-01
-9.319999999999999396e-01,8.543244106298374385e-01
-9.299999999999999378e-01,7.636752017094212697e-01
-9.279999999999999361e-01,6.398076830201298026e-01
-9.259999999999999343e-01,4.854939803058043180e-01
-9.239999999999999325e-01,3.046044452256851387e-01
-9.219999999999999307e-01,1.019745785798978899e-01
-9.199999999999999289e-01,-1.167622971901385864e-01
-9.179999999999999272e-01,-3.453706986010519064e-01
-9.159999999999999254e-01,-5.772300533108360998e-01
-9.139999999999999236e-01,-8.055655036530544599e-01
-9.119999999999999218e-01,-1.023684274622611579e+00
-9.099999999999999201e-01,-1.225209242041177315e+00
-9.079999999999999183e-01,-1.404301435542445686e+00
-9.059999999999999165e-01,-1.555863602711313742e+00
-9.039999999999999147e-01,-1.675717631312442002e+00
-9.019999999999999130e-01,-1.760749552295716835e+00
-8.999999999999999112e-01,-1.809016994374950116e+00
-8.979999999999999094e-01,-1.819815290770829819e+00
-8.959999999999999076e-01,-1.793699903081083180e+00
-8.939999999999999059e-01,-1.732464374315549005e+00
-8.919999999999999041e-01,-1.639074598106396774e+00
-8.899999999999999023e-01,-1.517561738180715825e+00
-8.879999999999999005e-01,-1.372877596559798352e+00
-8.859999999999998987e-01,-1.210717558750925127e+00
-8.839999999999998970e-01,-1.037317392315878939e+00
-8.819999999999998952e-01,-8.592311009648800901e-01
-8.799999999999998934e-01,-6.830977069395144374e-01
-8.779999999999998916e-01,-5.154052261588875083e-01
-8.759999999999998899e-01,-3.622601995345930970e-01
-8.739999999999998881e-01,-2.291709465074993624e-01
-8.719999999999998863e-01,-1.208522202167437998e-01
-8.699999999999998845e-01,-4.105818501931668418e-02
-8.679999999999998828e-01,7.550366785275430814e-03
-8.659999999999998810e-01,2.349985564169454477e-02
-8.639999999999998792e-01,6.555489542540926529e-03
-8.619999999999998774e-01,-4.227125252873087380e-02
-8.599999999999998757e-01,-1.207594915133196611e-01
-8.579999999999998739e-01,-2.255588647563229188e-01
-8.559999999999998721e-01,-3.523096538345623641e-01
-8.539999999999998703e-01,-4.957988645081818913e-01
-8.519999999999998685e-01,-6.501467254564382570e-01
-8.499999999999998668e-01,-8.090169943749639936e-01
-8.479999999999998650e-01,-9.658436161527732544e-01
-8.460000000000000853e-01,-1.114065698108857250e+00
-8.440000000000000835e-01,-1.247362472188287441e+00
-8.420000000000000817e-01,-1.359879914049714200e+00
-8.400000000000000799e-01,-1.446440984123635198e+00
-8.380000000000000782e-01,-1.502732035523540954e+00
-8.360000000000000764e-01,-1.525458777616819361e+00
-8.340000000000000746e-01,-1.512466262209777312e+00
-8.320000000000000728e-01,-1.462818633479811892e+00
-8.300000000000000711e-01,-1.376835807860227634e+00
-8.280000000000000693e-01,-1.256085775565667806e+00
-8.260000000000000675e-01,-1.103332787298773043e+00
-8.240000000000000657e-01,-9.224432522186654104e-01
-8.220000000000000639e-01,-7.182526711254428875e-01
-8.200000000000000622e-01,-4.963983089606657240e-01
-8.180000000000000604e-01,-2.631235242489398662e-01
-8.160000000000000586e-01,-2.506067702143154052e-02
-8.140000000000000568e-01,2.109997044949247225e-01
-8.120000000000000551e-01,4.383453314484255792e-01
-8.100000000000000533e-01,6.505757718217832775e-01
-8.080000000000000515e-01,8.418250122948973679e-01
-8.060000000000000497e-01,1.006965090696899656e+00
-8.040000000000000480e-01,1.141783595810305307e+00
-8.020000000000000462e-01,1.243128757018587383e+00
-8.000000000000000444e-01,1.309016994374948117e+00
-7.980000000000000426e-01,1.338699129441940805e+00
-7.960000000000000409e-01,1.332682921601909376e+00
-7.940000000000000391e-01,1.292711141592044255e+00
-7.920000000000000373e-01,1.221695968969703117e+00
-7.900000000000000355e-01,1.123612047271462577e+00
-7.880000000000000338e-01,1.003351994987336848e+00
-7.860000000000000320e-01,8.665495002551902859e-01
-7.840000000000000302e-01,7.193762752822616680e-01
-7.820000000000000284e-01,5.683200722484975653e-01
-7.800000000000000266e-01,4.199516330464657665e-01
-7.780000000000000249e-01,2.806888369097260139e-01
-7.760000000000000231e-01,1.565664088991416403e-01
-7.740000000000000213e-01,5.301935485263797876e-02
-7.720000000000000195e-01,-2.531219824917640970e-02
-7.700000000000000178e-01,-7.474983625129139053e-02
-7.680000000000000160e-01,-9.270944974810668704e-02
-7.660000000000000142e-01,-7.779488106240028955e-02
-7.640000000000000124e-01,-2.984930347475533985e-02
-7.620000000000000107e-01,5.003749228062415177e-02
-7.600000000000000089e-01,1.595661667536900641e-01
-7.580000000000000071e-01,2.953079464555617983e-01
-7.560000000000000053e-01,4.528249497589178496e-01
-7.540000000000000036e-01,6.268264642966316913e-01
-7.520000000000000018e-01,8.113556420202983066e-01
-7.500000000000000000e-01,1.000000000000015099e+00
-7.479999999999999982e-01,1.186118271191752394e+00
-7.459999999999999964e-01,1.363075569665983533e+00
-7.439999999999999947e-01,1.524478539716923375e+00
-7.419999999999999929e-01,1.664402158312943136e+00
-7.399999999999999911e-01,1.777600155503582524e+00
-7.379999999999999893e-01,1.859691597212669301e+00
-7.359999999999999876e-01,1.907317018782507922e+00
-7.339999999999999858e-01,1.918258575794142162e+00
-7.319999999999999840e-01,1.891519952880846400e+00
-7.299999999999999822e-01,1.827363196339012896e+00
-7.279999999999999805e-01,1.727301161838551202e+00
-7.259999999999999787e-01,1.594045840404204828e+00
-7.239999999999999769e-01,1.431414388396514248e+00
-7.219999999999999751e-01,1.244196185113156883e+00
-7.199999999999999734e-01,1.037985621796343016e+00
-7.179999999999999716e-01,8.189865393770967561e-01
-7.159999999999999698e-01,5.937952362236347259e-01
-7.139999999999999680e-01,3.691697259254618779e-01
-7.119999999999999662e-01,1.517934118571821478e-01
-7.099999999999999645e-01,-5.195845731348469609e-02
-7.079999999999999627e-01,-2.362412858731341991e-01
-7.059999999999999609e-01,-3.959447094119923349e-01
-7.039999999999999591e-01,-5.268700501745948728e-01
-7.019999999999999574e-01,-6.258753720154415223e-01
-6.999999999999999556e-01,-6.909830056250532149e-01
-6.979999999999999538e-01,-7.214457444387911700e-01
-6.959999999999999520e-01,-7.177693759661916140e-01
-6.939999999999999503e-01,-6.816907603071261645e-01
-6.919999999999999485e-01,-6.161122425479261810e-01
-6.899999999999999467e-01,-5.249947327631475646e-01
-6.879999999999999449e-01,-4.132132516817106915e-01
-6.859999999999999432e-01,-2.863800698347839790e-01
-6.839999999999999414e-01,-1.506417160800382626e-01
-6.819999999999999396e-01,-1.245705712032063595e-02
-6.799999999999999378e-01,1.216356797892305663e-01
-6.779999999999999361e-01,2.452546770779994445e-01
-6.759999999999999343e-01,3.524047272787226848e-01
-6.739999999999999325e-01,4.376936982528110143e-01
-6.719999999999999307e-01,4.965275845220656348e-01
-6.699999999999999289e-01,5.252772247300823150e-01
-6.679999999999999272e-01,5.214107691491439711e-01
-6.659999999999999254e-01,4.835871946467636961e-01
-6.639999999999999236e-01,4.117075446404382388e-01
-6.619999999999999218e-01,3.069220694084918710e-01
-6.599999999999999201e-01,1.715930046262483799e-01
-6.579999999999999183e-01,9.214297807651039562e-03
-6.559999999999999165e-01,-1.757088822303060072e-01
-6.539999999999999147e-01,-3.778165927395189527e-01
-6.519999999999999130e-01,-5.910809869813167250e-01
-6.499999999999999112e-01,-8.090169943749683235e-01
-6.479999999999999094e-01,-1.024909354627882241e+00
-6.459999999999999076e-01,-1.232047969877529070e+00
-6.439999999999999059e-01,-1.423963243792557787e+00
-6.419999999999999041e-01,-1.594653076613695486e+00
-6.399999999999999023e-01,-1.738793480263209457e+00
-6.379999999999999005e-01,-1.851925357460773025e+00
-6.359999999999998987e-01,-1.930610832714721559e+00
-6.339999999999998970e-01,-1.972553601214850794e+00
-6.319999999999998952e-01,-1.976679035843681209e+00
-6.299999999999998934e-01,-1.943171217609627188e+00
-6.279999999999998916e-01,-1.873465580304469302e+00
-6.259999999999998899e-01,-1.770197432059076759e+00
-6.239999999999998881e-01,-1.637108179031978139e+00
-6.219999999999998863e-01,-1.478912574362313492e+00
-6.199999999999998845e-01,-1.301131695689405898e+00
-6.179999999999998828e-01,-1.109897568093493714e+00
-6.159999999999998810e-01,-9.117363532572450024e-01
-6.139999999999998792e-01,-7.133377844212105412e-01
-6.119999999999998774e-01,-5.213190134296563638e-01
-6.099999999999998757e-01,-3.419912335957621119e-01
-6.079999999999998739e-01,-1.811373432635681180e-01
-6.059999999999998721e-01,-4.380852331151863233e-02
-6.039999999999998703e-01,6.585306869542462138e-02
-6.019999999999998685e-01,1.447592106865529527e-01
-5.999999999999998668e-01,1.909830056250549912e-01
-5.979999999999998650e-01,2.038249491616646036e-01
-5.959999999999998632e-01,1.838353404640635791e-01
-5.939999999999998614e-01,1.327922482927232917e-01
-5.920000000000000817e-01,5.363581930038763268e-02
-5.900000000000000799e-01,-4.963873745621760758e-02
-5.880000000000000782e-01,-1.721256914924441106e-01
-5.860000000000000764e-01,-3.081857293233329909e-01
-5.840000000000000746e-01,-4.516490142521950024e-01
-5.820000000000000728e-01,-5.960371657296337222e-01
-5.800000000000000711e-01,-7.347962859400192226e-01
-5.780000000000000693e-01,-8.615327696235191013e-01
-5.760000000000000675e-01,-9.702435342716749789e-01
-5.740000000000000657e-01,-1.055532505245765584e+00
-5.720000000000000639e-01,-1.112805677067589372e+00
-5.700000000000000622e-01,-1.138437830880877355e+00
-5.680000000000000604e-01,-1.129904991999117314e+00
-5.660000000000000586e-01,-1.085877924979015585e+00
-5.640000000000000568e-01,-1.006273343798565367e+00
-5.620000000000000551e-01,-8.922610125826673233e-01
-5.600000000000000533e-01,-7.462264748456344243e-01
-5.580000000000000515e-01,-5.716907210552049090e-01
-5.560000000000000497e-01,-3.731896297841137411e-01
-5.540000000000000480e-01,-1.561174427626214056e-01
-5.520000000000000462e-01,7.346019170417719679e-02
-5.500000000000000444e-01,3.090169943749464521e-01
-5.480000000000000426e-01,5.437931932989772399e-01
-5.460000000000000409e-01,7.710309883983450518e-01
-5.440000000000000391e-01,9.842100110690293890e-01
-5.420000000000000373e-01,1.177274447476982955e+00
-5.400000000000000355e-01,1.344843789353946661e+00
-5.380000000000000338e-01,1.482399755888287096e+00
-5.360000000000000320e-01,1.586442774218966179e+00
-5.340000000000000302e-01,1.654612484181228638e+00
-5.320000000000000284e-01,1.685768007127281809e+00
-5.300000000000000266e-01,1.680025143716563640e+00
-5.280000000000000249e-01,1.638749191055308252e+00
-5.260000000000000231e-01,1.564503641423623748e+00
-5.240000000000000213e-01,1.460956587377114424e+00
-5.220000000000000195e-01,1.332748155896401165e+00
-5.200000000000000178e-01,1.185323674418809148e+00
-5.180000000000000160e-01,1.024738485130671117e+00
-5.160000000000000142e-01,8.574413278365503599e-01
-5.140000000000000124e-01,6.900439704890174442e-01
-5.120000000000000107e-01,5.290852531815659621e-01
-5.100000000000000089e-01,3.807979088361522768e-01
-5.080000000000000071e-01,2.508864249628336429e-01
-5.060000000000000053e-01,1.443238192358963223e-01
-5.040000000000000036e-01,6.517453109304593983e-02
-5.020000000000000018e-01,1.644970587732819123e-02
-5.000000000000000000e-01,0.000000000000000000e+00
-4.979999999999999982e-01,1.644970587733030065e-02
-4.959999999999999964e-01,6.517453109304982561e-02
-4.939999999999999947e-01,1.443238192359020955e-01
-4.919999999999999929e-01,2.508864249628408594e-01
-4.899999999999999911e-01,3.807979088361607145e-01
-4.879999999999999893e-01,5.290852531815755100e-01
-4.859999999999999876e-01,6.900439704890275472e-01
-4.839999999999999858e-01,8.574413278365606850e-01
-4.819999999999999840e-01,1.024738485130681331e+00
-4.799999999999999822e-01,1.185323674418818918e+00
-4.779999999999999805e-01,1.332748155896410047e+00
-4.759999999999999787e-01,1.460956587377121974e+00
-4.739999999999999769e-01,1.564503641423629965e+00
-4.719999999999999751e-01,1.638749191055312915e+00
-4.699999999999999734e-01,1.680025143716566305e+00
-4.679999999999999716e-01,1.685768007127282697e+00
-4.659999999999999698e-01,1.654612484181227305e+00
-4.639999999999999680e-01,1.586442774218962848e+00
-4.619999999999999662e-01,1.482399755888281767e+00
-4.599999999999999645e-01,1.344843789353939334e+00
-4.579999999999999627e-01,1.177274447476974295e+00
-4.559999999999999609e-01,9.842100110690193970e-01
-4.539999999999999591e-01,7.710309883983341717e-01
-4.519999999999999574e-01,5.437931932989656936e-01
-4.499999999999999556e-01,3.090169943749347947e-01
-4.479999999999999538e-01,7.346019170416567823e-02
-4.459999999999999520e-01,-1.561174427626323691e-01
-4.439999999999999503e-01,-3.731896297841238441e-01
-4.419999999999999485e-01,-5.716907210552135687e-01
-4.399999999999999467e-01,-7.462264748456417518e-01
-4.379999999999999449e-01,-8.922610125826728744e-01
-4.359999999999999432e-01,-1.006273343798568920e+00
-4.339999999999999414e-01,-1.085877924979017362e+00
-4.319999999999999396e-01,-1.129904991999116870e+00
-4.299999999999999378e-01,-1.138437830880874913e+00
-4.279999999999999361e-01,-1.112805677067585153e+00
-4.259999999999999343e-01,-1.055532505245759811e+00
-4.239999999999999325e-01,-9.702435342716675404e-01
-4.219999999999999307e-01,-8.615327696235104415e-01
-4.199999999999999289e-01,-7.347962859400097857e-01
-4.179999999999999272e-01,-5.960371657296239523e-01
-4.159999999999999254e-01,-4.516490142521850104e-01
-4.139999999999999236e-01,-3.081857293233233319e-01
-4.119999999999999218e-01,-1.721256914924351733e-01
-4.099999999999999201e-01,-4.963873745620950295e-02
-4.079999999999999183e-01,5.363581930039418300e-02
-4.059999999999999165e-01,1.327922482927360592e-01
-4.039999999999999147e-01,1.838353404640711286e-01
-4.019999999999999130e-01,2.038249491616666020e-01
-3.999999999999999112e-01,1.909830056250513275e-01
-3.979999999999999094e-01,1.447592106865435158e-01
-3.959999999999999076e-01,6.585306869540963337e-02
-3.939999999999999059e-01,-4.380852331153961554e-02
-3.919999999999999041e-01,-1.811373432635927649e-01
-3.899999999999999023e-01,-3.419912335957904226e-01
-3.879999999999999005e-01,-5.213190134296874501e-01
-3.859999999999998987e-01,-7.133377844212434038e-01
-3.839999999999998970e-01,-9.117363532572788642e-01
-3.819999999999998952e-01,-1.109897568093526576e+00
-3.799999999999998934e-01,-1.301131695689436985e+00
-3.779999999999998916e-01,-1.478912574362342136e+00
-3.759999999999998899e-01,-1.637108179032003008e+00
-3.739999999999998881e-01,-1.770197432059096965e+00
-3.719999999999998863e-01,-1.873465580304484401e+00
-3.699999999999998845e-01,-1.943171217609636514e+00
-3.679999999999998828e-01,-1.976679035843684318e+00
-3.659999999999998810e-01,-1.972553601214846797e+00
-3.639999999999998792e-01,-1.930610832714712011e+00
-3.619999999999998774e-01,-1.851925357460757260e+00
-3.599999999999998757e-01,-1.738793480263188584e+00
-3.579999999999998739e-01,-1.594653076613669507e+00
-3.559999999999998721e-01,-1.423963243792527811e+00
-3.539999999999998703e-01,-1.232047969877496874e+00
-3.519999999999998685e-01,-1.024909354627846492e+00
-3.499999999999998668e-01,-8.090169943749313530e-01
-3.479999999999998650e-01,-5.910809869812800876e-01
-3.459999999999998632e-01,-3.778165927394847579e-01
-3.439999999999998614e-01,-1.757088822302744768e-01
-3.419999999999998597e-01,9.214297807679128205e-03
-3.399999999999998579e-01,1.715930046262721387e-01
-3.379999999999998561e-01,3.069220694085119661e-01
-3.359999999999998543e-01,4.117075446404500072e-01
-3.340000000000000746e-01,4.835871946467635851e-01
-3.320000000000000728e-01,5.214107691491446372e-01
-3.300000000000000711e-01,5.252772247300815378e-01
-3.280000000000000693e-01,4.965275845220613049e-01
-3.260000000000000675e-01,4.376936982528026876e-01
-3.240000000000000657e-01,3.524047272787153018e-01
-3.220000000000000639e-01,2.452546770779909513e-01
-3.200000000000000622e-01,1.216356797892246544e-01
-3.180000000000000604e-01,-1.245705712033123858e-02
-3.160000000000000586e-01,-1.506417160800568866e-01
-3.140000000000000568e-01,-2.863800698347882534e-01
-3.120000000000000551e-01,-4.132132516817185741e-01
-3.100000000000000533e-01,-5.249947327631601102e-01
-3.080000000000000515e-01,-6.161122425479300668e-01
-3.060000000000000497e-01,-6.816907603071309385e-01
-3.040000000000000480e-01,-7.177693759661972761e-01
-3.020000000000000462e-01,-7.214457444387925023e-01
-3.000000000000000444e-01,-6.909830056250532149e-01
-2.980000000000000426e-01,-6.258753720154390798e-01
-2.960000000000000409e-01,-5.268700501745897657e-01
-2.940000000000000391e-01,-3.959447094119848964e-01
-2.920000000000000373e-01,-2.362412858731203213e-01
-2.900000000000000355e-01,-5.195845731347725760e-02
-2.880000000000000338e-01,1.517934118571926949e-01
-2.860000000000000320e-01,3.691697259254800301e-01
-2.840000000000000302e-01,5.937952362236420534e-01
-2.820000000000000284e-01,8.189865393771110780e-01
-2.800000000000000266e-01,1.037985621796359448e+00
-2.780000000000000249e-01,1.244196185113162878e+00
-2.760000000000000231e-01,1.431414388396527126e+00
-2.740000000000000213e-01,1.594045840404217262e+00
-2.720000000000000195e-01,1.727301161838555643e+00
-2.700000000000000178e-01,1.827363196339017781e+00
-2.680000000000000160e-01,1.891519952880849065e+00
-2.660000000000000142e-01,1.918258575794141718e+00
-2.640000000000000124e-01,1.907317018782504370e+00
-2.620000000000000107e-01,1.859691597212661751e+00
-2.600000000000000089e-01,1.777600155503578083e+00
-2.580000000000000071e-01,1.664402158312933144e+00
-2.560000000000000053e-01,1.524478539716908720e+00
-2.540000000000000036e-01,1.363075569665976872e+00
-2.520000000000000018e-01,1.186118271191738405e+00
-2.500000000000000000e-01,9.999999999999973355e-01
-2.479999999999999982e-01,8.113556420202912012e-01
-2.459999999999999964e-01,6.268264642966183686e-01
-2.439999999999999947e-01,4.528249497589147410e-01
-2.419999999999999929e-01,2.953079464555568023e-01
-2.399999999999999911e-01,1.595661667536809603e-01
-2.379999999999999893e-01,5.003749228062204235e-02
-2.359999999999999876e-01,-2.984930347475789336e-02
-2.339999999999999858e-01,-7.779488106240195489e-02
-2.319999999999999840e-01,-9.270944974810646499e-02
-2.299999999999999822e-01,-7.474983625128961418e-02
-2.279999999999999805e-01,-2.531219824916952632e-02
-2.259999999999999787e-01,5.301935485264019920e-02
-2.239999999999999769e-01,1.565664088991476355e-01
-2.219999999999999751e-01,2.806888369097368385e-01
-2.199999999999999734e-01,4.199516330464673763e-01
-2.179999999999999716e-01,5.683200722485033385e-01
-2.159999999999999698e-01,7.193762752822746576e-01
-2.139999999999999680e-01,8.665495002551930614e-01
-2.119999999999999662e-01,1.003351994987345730e+00
-2.099999999999999645e-01,1.123612047271473902e+00
-2.079999999999999627e-01,1.221695968969705559e+00
-2.059999999999999609e-01,1.292711141592049806e+00
-2.039999999999999591e-01,1.332682921601915371e+00
-2.019999999999999574e-01,1.338699129441939029e+00
-1.999999999999999556e-01,1.309016994374946341e+00
-1.979999999999999538e-01,1.243128757018582942e+00
-1.959999999999999520e-01,1.141783595810303087e+00
-1.939999999999999503e-01,1.006965090696892995e+00
-1.919999999999999485e-01,8.418250122948864878e-01
-1.899999999999999467e-01,6.505757718217801688e-01
-1.879999999999999449e-01,4.383453314484156982e-01
-1.859999999999999432e-01,2.109997044949116496e-01
-1.839999999999999414e-01,-2.506067702143795206e-02
-1.819999999999999396e-01,-2.631235242489524673e-01
-1.799999999999999378e-01,-4.963983089606812116e-01
-1.779999999999999361e-01,-7.182526711254479945e-01
-1.759999999999999343e-01,-9.224432522186745143e-01
-1.739999999999999325e-01,-1.103332787298783035e+00
-1.719999999999999307e-01,-1.256085775565669582e+00
-1.699999999999999289e-01,-1.376835807860230965e+00
-1.679999999999999272e-01,-1.462818633479813002e+00
-1.659999999999999254e-01,-1.512466262209779089e+00
-1.639999999999999236e-01,-1.525458777616818695e+00
-1.619999999999999218e-01,-1.502732035523536291e+00
-1.599999999999999201e-01,-1.446440984123633644e+00
-1.579999999999999183e-01,-1.359879914049707317e+00
-1.559999999999999165e-01,-1.247362472188275895e+00
-1.539999999999999147e-01,-1.114065698108852587e+00
-1.519999999999999130e-01,-9.658436161527391706e-01
-1.499999999999999112e-01,-8.090169943749393466e-01
-1.479999999999999094e-01,-6.501467254564083920e-01
-1.459999999999999076e-01,-4.957988645081484735e-01
-1.439999999999999059e-01,-3.523096538345407147e-01
-1.419999999999999041e-01,-2.255588647563004923e-01
-1.399999999999999023e-01,-1.207594915132983449e-01
-1.379999999999999005e-01,-4.227125252872132588e-02
-1.359999999999998987e-01,6.555489542547254800e-03
-1.339999999999998970e-01,2.349985564169454477e-02
-1.319999999999998952e-01,7.550366785270656855e-03
-1.299999999999998934e-01,-4.105818501932811948e-02
-1.279999999999998916e-01,-1.208522202167562343e-01
-1.259999999999998899e-01,-2.291709465075187913e-01
-1.239999999999998881e-01,-3.622601995346190762e-01
-1.219999999999998863e-01,-5.154052261589090467e-01
-1.199999999999998845e-01,-6.830977069395423040e-01
-1.179999999999998828e-01,-8.592311009649122866e-01
-1.159999999999998810e-01,-1.037317392315902254e+00
-1.139999999999998792e-01,-1.210717558750952438e+00
-1.119999999999998774e-01,-1.372877596559826774e+00
-1.099999999999998757e-01,-1.517561738180733588e+00
-1.079999999999998739e-01,-1.639074598106414982e+00
-1.059999999999998721e-01,-1.732464374315564770e+00
-1.039999999999998703e-01,-1.793699903081090063e+00
-1.019999999999998685e-01,-1.819815290770831151e+00
-9.999999999999986677e-02,-1.809016994374945231e+00
-9.799999999999986500e-02,-1.760749552295707288e+00
-9.599999999999986322e-02,-1.675717631312426015e+00
-9.399999999999986144e-02,-1.555863602711289762e+00
-9.199999999999985967e-02,-1.404301435542423926e+00
-8.999999999999985789e-02,-1.225209242041148450e+00
-8.799999999999985612e-02,-1.023684274622574941e+00
-8.599999999999985434e-02,-8.055655036530258162e-01
-8.399999999999985256e-02,-5.772300533108015719e-01
-8.199999999999985079e-02,-3.453706986010103286e-01
-8.000000000000007105e-02,-1.167622971901325357e-01
-7.800000000000006928e-02,1.019745785799072713e-01
-7.600000000000006750e-02,3.046044452256972956e-01
-7.400000000000006573e-02,4.854939803058081482e-01
-7.200000000000006395e-02,6.398076830201351317e-01
-7.000000000000006217e-02,7.636752017094258216e-01
-6.800000000000006040e-02,8.543244106298375495e-01
-6.600000000000005862e-02,9.101755318775274217e-01
-6.400000000000005684e-02,9.308929784586963407e-01
-6.200000000000005507e-02,9.173930923493728296e-01
-6.000000000000005329e-02,8.718075139042620325e-01
-5.800000000000005151e-02,7.974034908021723211e-01
-5.600000000000004974e-02,6.984639601738821257e-01
-5.400000000000004796e-02,5.801316626067349880e-01
-5.200000000000004619e-02,4.482228208756245946e-01
-5.000000000000004441e-02,3.090169943749497827e-01
-4.800000000000004263e-02,1.690305641275285653e-01
-4.600000000000004086e-02,3.478188302898738149e-02
-4.400000000000003908e-02,-8.744357888896264752e-02
-4.200000000000003730e-02,-1.918197643803954966e-01
-4.000000000000003553e-02,-2.731901993959499064e-01
-3.800000000000003375e-02,-3.272543490437515024e-01
-3.600000000000003197e-02,-3.507235480382967507e-01
-3.400000000000003020e-02,-3.414409726753155905e-01
-3.200000000000002842e-02,-2.984613955016736098e-01
-3.000000000000002665e-02,-2.220878888737430890e-01
-2.800000000000002487e-02,-1.138641690324170286e-01
-2.600000000000002309e-02,2.347715587204457499e-02
-2.400000000000002132e-02,1.861086078797360432e-01
-2.200000000000001954e-02,3.692408076929750149e-01
-2.000000000000001776e-02,5.672896856689144673e-01
-1.800000000000001599e-02,7.740720180020653762e-01
-1.600000000000001421e-02,9.830223668951822980e-01
-1.400000000000001243e-02,1.187423744818727922e+00
-1.200000000000001066e-02,1.380643836311714612e+00
-1.000000000000000888e-02,1.556368413421103547e+00
-8.000000000000007105e-03,1.708823679805657969e+00
-6.000000000000005329e-03,1.832979670239928804e+00
-4.000000000000003553e-03,1.924727502869551632e+00
-2.000000000000001776e-03,1.981024207334705967e+00
0.000000000000000000e+00,2.000000000000000000e+00
2.000000000000223821e-03,1.981024207334701970e+00
4.000000000000003553e-03,1.924727502869551632e+00
6.000000000000227374e-03,1.832979670239916814e+00
8.000000000000007105e-03,1.708823679805657969e+00
1.000000000000023093e-02,1.556368413421085339e+00
1.200000000000001066e-02,1.380643836311714612e+00
1.400000000000023448e-02,1.187423744818705496e+00
1.600000000000001421e-02,9.830223668951822980e-01
1.800000000000023803e-02,7.740720180020420615e-01
2.000000000000001776e-02,5.672896856689144673e-01
2.200000000000024158e-02,3.692408076929538097e-01
2.400000000000002132e-02,1.861086078797360432e-01
2.600000000000024514e-02,2.347715587202781062e-02
2.800000000000002487e-02,-1.138641690324170286e-01
3.000000000000024869e-02,-2.220878888737534140e-01
3.200000000000002842e-02,-2.984613955016736098e-01
3.400000000000025224e-02,-3.414409726753184771e-01
3.600000000000003197e-02,-3.507235480382967507e-01
3.800000000000025580e-02,-3.272543490437470615e-01
4.000000000000003553e-02,-2.731901993959499064e-01
4.200000000000025935e-02,-1.918197643803851160e-01
4.400000000000003908e-02,-8.744357888896264752e-02
4.600000000000026290e-02,3.478188302900109274e-02
4.800000000000004263e-02,1.690305641275285653e-01
4.999999999999982236e-02,3.090169943749346282e-01
5.200000000000004619e-02,4.482228208756245946e-01
5.399999999999982592e-02,5.801316626067207771e-01
5.600000000000004974e-02,6.984639601738821257e-01
5.799999999999982947e-02,7.974034908021623291e-01
6.000000000000005329e-02,8.718075139042620325e-01
6.199999999999983302e-02,9.173930923493693879e-01
6.400000000000005684e-02,9.308929784586963407e-01
6.599999999999983658e-02,9.101755318775315295e-01
6.800000000000006040e-02,8.543244106298375495e-01
6.999999999999984013e-02,7.636752017094379230e-01
7.200000000000006395e-02,6.398076830201351317e-01
7.399999999999984368e-02,4.854939803058270220e-01
7.600000000000006750e-02,3.046044452256972956e-01
7.799999999999984723e-02,1.019745785799310855e-01
8.000000000000007105e-02,-1.167622971901325357e-01
8.199999999999985079e-02,-3.453706986010103286e-01
8.400000000000007461e-02,-5.772300533108277731e-01
8.599999999999985434e-02,-8.055655036530258162e-01
8.800000000000007816e-02,-1.023684274622598478e+00
8.999999999999985789e-02,-1.225209242041148450e+00
9.200000000000008171e-02,-1.404301435542442356e+00
9.399999999999986144e-02,-1.555863602711289762e+00
9.600000000000008527e-02,-1.675717631312437561e+00
9.799999999999986500e-02,-1.760749552295707288e+00
1.000000000000000888e-01,-1.809016994374948784e+00
1.019999999999998685e-01,-1.819815290770831151e+00
1.040000000000000924e-01,-1.793699903081084734e+00
1.059999999999998721e-01,-1.732464374315564770e+00
1.080000000000000959e-01,-1.639074598106402991e+00
1.099999999999998757e-01,-1.517561738180733588e+00
1.120000000000000995e-01,-1.372877596559811009e+00
1.139999999999998792e-01,-1.210717558750952438e+00
1.160000000000001030e-01,-1.037317392315882270e+00
1.179999999999998828e-01,-8.592311009649122866e-01
1.200000000000001066e-01,-6.830977069395226531e-01
1.219999999999998863e-01,-5.154052261589090467e-01
1.240000000000001101e-01,-3.622601995346027559e-01
1.259999999999998899e-01,-2.291709465075187913e-01
1.280000000000001137e-01,-1.208522202167455761e-01
1.299999999999998934e-01,-4.105818501932811948e-02
1.320000000000001172e-01,7.550366785274098547e-03
1.339999999999998970e-01,2.349985564169454477e-02
1.360000000000001208e-01,6.555489542543480042e-03
1.379999999999999005e-01,-4.227125252872132588e-02
1.400000000000001243e-01,-1.207594915133087810e-01
1.419999999999999041e-01,-2.255588647563004923e-01
1.440000000000001279e-01,-3.523096538345548145e-01
1.459999999999999076e-01,-4.957988645081484735e-01
1.480000000000001315e-01,-6.501467254564264886e-01
1.499999999999999112e-01,-8.090169943749393466e-01
1.520000000000001350e-01,-9.658436161527566011e-01
1.539999999999999147e-01,-1.114065698108852587e+00
1.560000000000001386e-01,-1.247362472188290106e+00
1.579999999999999183e-01,-1.359879914049707317e+00
1.600000000000001421e-01,-1.446440984123641194e+00
1.619999999999999218e-01,-1.502732035523536291e+00
1.640000000000001457e-01,-1.525458777616818917e+00
1.659999999999999254e-01,-1.512466262209779089e+00
1.680000000000001492e-01,-1.462818633479805452e+00
1.699999999999999289e-01,-1.376835807860230965e+00
1.720000000000001528e-01,-1.256085775565654483e+00
1.739999999999999325e-01,-1.103332787298783035e+00
1.760000000000001563e-01,-9.224432522186529759e-01
1.779999999999999361e-01,-7.182526711254479945e-01
1.800000000000001599e-01,-4.963983089606556209e-01
1.819999999999999396e-01,-2.631235242489524673e-01
1.840000000000001634e-01,-2.506067702141136222e-02
1.859999999999999432e-01,2.109997044949116496e-01
1.880000000000001670e-01,4.383453314484412333e-01
1.899999999999999467e-01,6.505757718217801688e-01
1.920000000000001705e-01,8.418250122949073599e-01
1.939999999999999503e-01,1.006965090696892995e+00
1.960000000000001741e-01,1.141783595810315965e+00
1.979999999999999538e-01,1.243128757018582942e+00
2.000000000000001776e-01,1.309016994374951448e+00
2.019999999999999574e-01,1.338699129441939029e+00
2.040000000000001812e-01,1.332682921601912485e+00
2.059999999999999609e-01,1.292711141592049806e+00
2.080000000000001847e-01,1.221695968969695567e+00
2.099999999999999645e-01,1.123612047271473902e+00
2.120000000000001883e-01,1.003351994987330853e+00
2.139999999999999680e-01,8.665495002551930614e-01
2.160000000000001918e-01,7.193762752822580042e-01
2.179999999999999716e-01,5.683200722485033385e-01
2.200000000000001954e-01,4.199516330464513336e-01
2.219999999999999751e-01,2.806888369097368385e-01
2.240000000000001990e-01,1.565664088991370884e-01
2.259999999999999787e-01,5.301935485264019920e-02
2.280000000000002025e-01,-2.531219824917696481e-02
2.299999999999999822e-01,-7.474983625128961418e-02
2.320000000000002061e-01,-9.270944974810679806e-02
2.339999999999999858e-01,-7.779488106240195489e-02
2.360000000000002096e-01,-2.984930347475156509e-02
2.379999999999999893e-01,5.003749228062204235e-02
2.400000000000002132e-01,1.595661667536948380e-01
2.419999999999999929e-01,2.953079464555568023e-01
2.440000000000002167e-01,4.528249497589336148e-01
2.459999999999999964e-01,6.268264642966183686e-01
2.480000000000002203e-01,8.113556420203125175e-01
2.500000000000000000e-01,9.999999999999973355e-01
2.520000000000002238e-01,1.186118271191759055e+00
2.540000000000000036e-01,1.363075569665976872e+00
2.560000000000002274e-01,1.524478539716925818e+00
2.580000000000000071e-01,1.664402158312933144e+00
2.600000000000002309e-01,1.777600155503589185e+00
2.620000000000000107e-01,1.859691597212661751e+00
2.640000000000002345e-01,1.907317018782507922e+00
2.660000000000000142e-01,1.918258575794141718e+00
2.680000000000002380e-01,1.891519952880844180e+00
2.700000000000000178e-01,1.827363196339017781e+00
2.720000000000002416e-01,1.727301161838542098e+00
2.740000000000000213e-01,1.594045840404217262e+00
2.760000000000002451e-01,1.431414388396506698e+00
2.780000000000000249e-01,1.244196185113162878e+00
2.800000000000002487e-01,1.037985621796335467e+00
2.820000000000000284e-01,8.189865393771110780e-01
2.840000000000002522e-01,5.937952362236168513e-01
2.860000000000000320e-01,3.691697259254800301e-01
2.880000000000002558e-01,1.517934118571723223e-01
2.900000000000000355e-01,-5.195845731347725760e-02
2.920000000000002593e-01,-2.362412858731395282e-01
2.940000000000000391e-01,-3.959447094119848964e-01
2.960000000000002629e-01,-5.268700501746024223e-01
2.980000000000000426e-01,-6.258753720154390798e-01
3.000000000000002665e-01,-6.909830056250589880e-01
3.020000000000000462e-01,-7.214457444387925023e-01
3.040000000000002700e-01,-7.177693759661953887e-01
3.060000000000000497e-01,-6.816907603071309385e-01
3.079999999999998295e-01,-6.161122425479383935e-01
3.100000000000000533e-01,-5.249947327631601102e-01
3.119999999999998330e-01,-4.132132516817316192e-01
3.140000000000000568e-01,-2.863800698347882534e-01
3.159999999999998366e-01,-1.506417160800728738e-01
3.180000000000000604e-01,-1.245705712033123858e-02
3.199999999999998401e-01,1.216356797892096109e-01
3.220000000000000639e-01,2.452546770779909513e-01
3.239999999999998437e-01,3.524047272787039775e-01
3.260000000000000675e-01,4.376936982528026876e-01
3.279999999999998472e-01,4.965275845220576967e-01
3.300000000000000711e-01,5.252772247300815378e-01
3.319999999999998508e-01,5.214107691491466356e-01
3.340000000000000746e-01,4.835871946467635851e-01
3.359999999999998543e-01,4.117075446404500072e-01
3.380000000000000782e-01,3.069220694084973111e-01
3.399999999999998579e-01,1.715930046262721387e-01
3.420000000000000817e-01,9.214297807659699302e-03
3.439999999999998614e-01,-1.757088822302744768e-01
3.460000000000000853e-01,-3.778165927395081281e-01
3.479999999999998650e-01,-5.910809869812800876e-01
3.500000000000000888e-01,-8.090169943749557779e-01
3.519999999999998685e-01,-1.024909354627846492e+00
3.540000000000000924e-01,-1.232047969877519522e+00
3.559999999999998721e-01,-1.423963243792527811e+00
3.580000000000000959e-01,-1.594653076613687270e+00
3.599999999999998757e-01,-1.738793480263188584e+00
3.620000000000000995e-01,-1.851925357460768140e+00
3.639999999999998792e-01,-1.930610832714712011e+00
3.660000000000001030e-01,-1.972553601214849683e+00
3.679999999999998828e-01,-1.976679035843684318e+00
3.700000000000001066e-01,-1.943171217609630297e+00
3.719999999999998863e-01,-1.873465580304484401e+00
3.740000000000001101e-01,-1.770197432059083642e+00
3.759999999999998899e-01,-1.637108179032003008e+00
3.780000000000001137e-01,-1.478912574362323262e+00
3.799999999999998934e-01,-1.301131695689436985e+00
3.820000000000001172e-01,-1.109897568093504594e+00
3.839999999999998970e-01,-9.117363532572788642e-01
3.860000000000001208e-01,-7.133377844212213104e-01
3.879999999999999005e-01,-5.213190134296874501e-01
3.900000000000001243e-01,-3.419912335957712157e-01
3.919999999999999041e-01,-1.811373432635927649e-01
3.940000000000001279e-01,-4.380852331152484957e-02
3.959999999999999076e-01,6.585306869540963337e-02
3.980000000000001315e-01,1.447592106865503991e-01
3.999999999999999112e-01,1.909830056250513275e-01
4.020000000000001350e-01,2.038249491616660469e-01
4.039999999999999147e-01,1.838353404640711286e-01
4.060000000000001386e-01,1.327922482927283987e-01
4.079999999999999183e-01,5.363581930039418300e-02
4.100000000000001421e-01,-4.963873745622271461e-02
4.119999999999999218e-01,-1.721256914924351733e-01
4.140000000000001457e-01,-3.081857293233395412e-01
4.159999999999999254e-01,-4.516490142521850104e-01
4.180000000000001492e-01,-5.960371657296403836e-01
4.199999999999999289e-01,-7.347962859400097857e-01
4.220000000000001528e-01,-8.615327696235226540e-01
4.239999999999999325e-01,-9.702435342716675404e-01
4.260000000000001563e-01,-1.055532505245768249e+00
4.279999999999999361e-01,-1.112805677067585153e+00
4.300000000000001599e-01,-1.138437830880876467e+00
4.319999999999999396e-01,-1.129904991999116870e+00
4.340000000000001634e-01,-1.085877924979010700e+00
4.359999999999999432e-01,-1.006273343798568920e+00
4.380000000000001670e-01,-8.922610125826585525e-01
4.399999999999999467e-01,-7.462264748456417518e-01
4.420000000000001705e-01,-5.716907210551980256e-01
4.439999999999999503e-01,-3.731896297841238441e-01
4.460000000000001741e-01,-1.561174427626073336e-01
4.479999999999999538e-01,7.346019170416567823e-02
4.500000000000001776e-01,3.090169943749628279e-01
4.519999999999999574e-01,5.437931932989656936e-01
4.540000000000001812e-01,7.710309883983522683e-01
4.559999999999999609e-01,9.842100110690193970e-01
4.580000000000001847e-01,1.177274447476994279e+00
4.599999999999999645e-01,1.344843789353939334e+00
4.620000000000001883e-01,1.482399755888295090e+00
4.639999999999999680e-01,1.586442774218962848e+00
4.660000000000001918e-01,1.654612484181232634e+00
4.679999999999999716e-01,1.685768007127282697e+00
4.700000000000001954e-01,1.680025143716563196e+00
4.719999999999999751e-01,1.638749191055312915e+00
4.740000000000001990e-01,1.564503641423619751e+00
4.759999999999999787e-01,1.460956587377121974e+00
4.780000000000002025e-01,1.332748155896394948e+00
4.799999999999999822e-01,1.185323674418818918e+00
4.820000000000002061e-01,1.024738485130662458e+00
4.839999999999999858e-01,8.574413278365606850e-01
4.860000000000002096e-01,6.900439704890087844e-01
4.879999999999999893e-01,5.290852531815755100e-01
4.900000000000002132e-01,3.807979088361447273e-01
4.919999999999999929e-01,2.508864249628408594e-01
4.940000000000002167e-01,1.443238192358914374e-01
4.959999999999999964e-01,6.517453109304982561e-02
4.980000000000002203e-01,1.644970587732652589e-02
5.000000000000000000e-01,0.000000000000000000e+00
5.020000000000002238e-01,1.644970587733196599e-02
5.040000000000000036e-01,6.517453109304593983e-02
5.060000000000002274e-01,1.443238192359070915e-01
5.080000000000000071e-01,2.508864249628336429e-01
5.100000000000002309e-01,3.807979088361681530e-01
5.120000000000000107e-01,5.290852531815659621e-01
5.140000000000002345e-01,6.900439704890356518e-01
5.160000000000000142e-01,8.574413278365503599e-01
5.180000000000002380e-01,1.024738485130689991e+00
5.200000000000000178e-01,1.185323674418809148e+00
5.220000000000002416e-01,1.332748155896416931e+00
5.240000000000000213e-01,1.460956587377114424e+00
5.260000000000002451e-01,1.564503641423633962e+00
5.280000000000000249e-01,1.638749191055308252e+00
5.300000000000002487e-01,1.680025143716566527e+00
5.320000000000000284e-01,1.685768007127281809e+00
5.340000000000002522e-01,1.654612484181223309e+00
5.360000000000000320e-01,1.586442774218966179e+00
5.380000000000002558e-01,1.482399755888273774e+00
5.400000000000000355e-01,1.344843789353946661e+00
5.420000000000002593e-01,1.177274447476961194e+00
5.440000000000000391e-01,9.842100110690293890e-01
5.460000000000002629e-01,7.710309883983204049e-01
5.480000000000000426e-01,5.437931932989772399e-01
5.500000000000002665e-01,3.090169943749200843e-01
5.520000000000000462e-01,7.346019170417719679e-02
5.540000000000002700e-01,-1.561174427626464412e-01
5.560000000000000497e-01,-3.731896297841137411e-01
5.580000000000002736e-01,-5.716907210552256702e-01
5.600000000000000533e-01,-7.462264748456344243e-01
5.619999999999998330e-01,-8.922610125826528904e-01
5.640000000000000568e-01,-1.006273343798565367e+00
5.659999999999998366e-01,-1.085877924979009146e+00
5.680000000000000604e-01,-1.129904991999117314e+00
5.699999999999998401e-01,-1.138437830880878687e+00
5.720000000000000639e-01,-1.112805677067589372e+00
5.739999999999998437e-01,-1.055532505245774022e+00
5.760000000000000675e-01,-9.702435342716749789e-01
5.779999999999998472e-01,-8.615327696235310917e-01
5.800000000000000711e-01,-7.347962859400192226e-01
5.819999999999998508e-01,-5.960371657296501535e-01
5.840000000000000746e-01,-4.516490142521950024e-01
5.859999999999998543e-01,-3.081857293233492001e-01
5.880000000000000782e-01,-1.721256914924441106e-01
5.899999999999998579e-01,-4.963873745623070821e-02
5.920000000000000817e-01,5.363581930038763268e-02
5.939999999999998614e-01,1.327922482927232917e-01
5.960000000000000853e-01,1.838353404640677979e-01
5.979999999999998650e-01,2.038249491616646036e-01
6.000000000000000888e-01,1.909830056250518826e-01
6.019999999999998685e-01,1.447592106865529527e-01
6.040000000000000924e-01,6.585306869541396324e-02
6.059999999999998721e-01,-4.380852331151863233e-02
6.080000000000000959e-01,-1.811373432635849934e-01
6.099999999999998757e-01,-3.419912335957621119e-01
6.120000000000000995e-01,-5.213190134296772360e-01
6.139999999999998792e-01,-7.133377844212105412e-01
6.160000000000001030e-01,-9.117363532572678730e-01
6.179999999999998828e-01,-1.109897568093493714e+00
6.200000000000001066e-01,-1.301131695689426770e+00
6.219999999999998863e-01,-1.478912574362313492e+00
6.240000000000001101e-01,-1.637108179031994570e+00
6.259999999999998899e-01,-1.770197432059076759e+00
6.280000000000001137e-01,-1.873465580304479516e+00
6.299999999999998934e-01,-1.943171217609627188e+00
6.320000000000001172e-01,-1.976679035843682986e+00
6.339999999999998970e-01,-1.972553601214850794e+00
6.360000000000001208e-01,-1.930610832714714675e+00
6.379999999999999005e-01,-1.851925357460773025e+00
6.400000000000001243e-01,-1.738793480263195690e+00
6.419999999999999041e-01,-1.594653076613695486e+00
6.440000000000001279e-01,-1.423963243792538247e+00
6.459999999999999076e-01,-1.232047969877529070e+00
6.480000000000001315e-01,-1.024909354627857594e+00
6.499999999999999112e-01,-8.090169943749683235e-01
6.520000000000001350e-01,-5.910809869812914119e-01
6.539999999999999147e-01,-3.778165927395189527e-01
6.560000000000001386e-01,-1.757088822302830255e-01
6.579999999999999183e-01,9.214297807651039562e-03
6.600000000000001421e-01,1.715930046262637010e-01
6.619999999999999218e-01,3.069220694084918710e-01
6.640000000000001457e-01,4.117075446404465655e-01
6.659999999999999254e-01,4.835871946467636961e-01
6.680000000000001492e-01,5.214107691491476348e-01
6.699999999999999289e-01,5.252772247300823150e-01
6.720000000000001528e-01,4.965275845220618600e-01
6.739999999999999325e-01,4.376936982528110143e-01
6.760000000000001563e-01,3.524047272787130813e-01
6.779999999999999361e-01,2.452546770779994445e-01
6.800000000000001599e-01,1.216356797892205743e-01
6.819999999999999396e-01,-1.245705712032063595e-02
6.840000000000001634e-01,-1.506417160800631039e-01
6.859999999999999432e-01,-2.863800698347839790e-01
6.880000000000001670e-01,-4.132132516817293433e-01
6.899999999999999467e-01,-5.249947327631475646e-01
6.920000000000001705e-01,-6.161122425479287346e-01
6.939999999999999503e-01,-6.816907603071261645e-01
6.960000000000001741e-01,-7.177693759661984974e-01
6.979999999999999538e-01,-7.214457444387911700e-01
7.000000000000001776e-01,-6.909830056250498842e-01
7.019999999999999574e-01,-6.258753720154415223e-01
7.040000000000001812e-01,-5.268700501745831044e-01
7.059999999999999609e-01,-3.959447094119923349e-01
7.080000000000001847e-01,-2.362412858731085530e-01
7.099999999999999645e-01,-5.195845731348469609e-02
7.120000000000001883e-01,1.517934118572136781e-01
7.139999999999999680e-01,3.691697259254618779e-01
7.160000000000001918e-01,5.937952362236517123e-01
7.179999999999999716e-01,8.189865393770967561e-01
7.200000000000001954e-01,1.037985621796372548e+00
7.219999999999999751e-01,1.244196185113156883e+00
7.240000000000001990e-01,1.431414388396540449e+00
7.259999999999999787e-01,1.594045840404204828e+00
7.280000000000002025e-01,1.727301161838561638e+00
7.299999999999999822e-01,1.827363196339012896e+00
7.320000000000002061e-01,1.891519952880853062e+00
7.339999999999999858e-01,1.918258575794142162e+00
7.360000000000002096e-01,1.907317018782502149e+00
7.379999999999999893e-01,1.859691597212669301e+00
7.400000000000002132e-01,1.777600155503574975e+00
7.419999999999999929e-01,1.664402158312943136e+00
7.440000000000002167e-01,1.524478539716900283e+00
7.459999999999999964e-01,1.363075569665983533e+00
7.480000000000002203e-01,1.186118271191724860e+00
7.500000000000000000e-01,1.000000000000015099e+00
7.520000000000002238e-01,8.113556420202843178e-01
7.540000000000000036e-01,6.268264642966316913e-01
7.560000000000002274e-01,4.528249497589053041e-01
7.580000000000000071e-01,2.953079464555617983e-01
7.600000000000002309e-01,1.595661667536715234e-01
7.620000000000000107e-01,5.003749228062415177e-02
7.640000000000002345e-01,-2.984930347476133505e-02
7.660000000000000142e-01,-7.779488106240028955e-02
7.680000000000002380e-01,-9.270944974810801931e-02
7.700000000000000178e-01,-7.474983625129139053e-02
7.720000000000002416e-01,-2.531219824916464134e-02
7.740000000000000213e-01,5.301935485263797876e-02
7.760000000000002451e-01,1.565664088991503000e-01
7.780000000000000249e-01,2.806888369097260139e-01
7.800000000000002487e-01,4.199516330464744263e-01
7.820000000000000284e-01,5.683200722484975653e-01
7.840000000000002522e-01,7.193762752822847606e-01
7.860000000000000320e-01,8.665495002551902859e-01
7.880000000000002558e-01,1.003351994987343954e+00
7.900000000000000355e-01,1.123612047271462577e+00
7.920000000000002593e-01,1.221695968969709778e+00
7.940000000000000391e-01,1.292711141592044255e+00
7.960000000000002629e-01,1.332682921601916703e+00
7.980000000000000426e-01,1.338699129441940805e+00
8.000000000000002665e-01,1.309016994374941456e+00
8.020000000000000462e-01,1.243128757018587383e+00
8.040000000000002700e-01,1.141783595810293095e+00
8.060000000000000497e-01,1.006965090696899656e+00
8.080000000000002736e-01,8.418250122948742753e-01
8.100000000000000533e-01,6.505757718217832775e-01
8.120000000000002771e-01,4.383453314484091479e-01
8.140000000000000568e-01,2.109997044949247225e-01
8.159999999999998366e-01,-2.506067702139963549e-02
8.180000000000000604e-01,-2.631235242489398662e-01
8.199999999999998401e-01,-4.963983089606487376e-01
8.220000000000000639e-01,-7.182526711254428875e-01
8.239999999999998437e-01,-9.224432522186365446e-01
8.260000000000000675e-01,-1.103332787298773043e+00
8.279999999999998472e-01,-1.256085775565647378e+00
8.300000000000000711e-01,-1.376835807860227634e+00
8.319999999999998508e-01,-1.462818633479803676e+00
8.340000000000000746e-01,-1.512466262209777312e+00
8.359999999999998543e-01,-1.525458777616823358e+00
8.380000000000000782e-01,-1.502732035523540954e+00
8.399999999999998579e-01,-1.446440984123649187e+00
8.420000000000000817e-01,-1.359879914049714200e+00
8.439999999999998614e-01,-1.247362472188294324e+00
8.460000000000000853e-01,-1.114065698108857250e+00
8.479999999999998650e-01,-9.658436161527732544e-01
8.500000000000000888e-01,-8.090169943749538906e-01
8.519999999999998685e-01,-6.501467254564382570e-01
8.540000000000000924e-01,-4.957988645081572443e-01
8.559999999999998721e-01,-3.523096538345623641e-01
8.580000000000000959e-01,-2.255588647563037119e-01
8.599999999999998757e-01,-1.207594915133196611e-01
8.620000000000000995e-01,-4.227125252872709904e-02
8.639999999999998792e-01,6.555489542540926529e-03
8.660000000000001030e-01,2.349985564169387864e-02
8.679999999999998828e-01,7.550366785275430814e-03
8.700000000000001066e-01,-4.105818501932634312e-02
8.719999999999998863e-01,-1.208522202167437998e-01
8.740000000000001101e-01,-2.291709465075085772e-01
8.759999999999998899e-01,-3.622601995345930970e-01
8.780000000000001137e-01,-5.154052261588997208e-01
8.799999999999998934e-01,-6.830977069395144374e-01
8.820000000000001172e-01,-8.592311009649070686e-01
8.839999999999998970e-01,-1.037317392315878939e+00
8.860000000000001208e-01,-1.210717558750937117e+00
8.879999999999999005e-01,-1.372877596559798352e+00
8.900000000000001243e-01,-1.517561738180726039e+00
8.919999999999999041e-01,-1.639074598106396774e+00
8.940000000000001279e-01,-1.732464374315562772e+00
8.959999999999999076e-01,-1.793699903081083180e+00
8.980000000000001315e-01,-1.819815290770828708e+00
8.999999999999999112e-01,-1.809016994374950116e+00
9.020000000000001350e-01,-1.760749552295709730e+00
9.039999999999999147e-01,-1.675717631312442002e+00
9.060000000000001386e-01,-1.555863602711293536e+00
9.079999999999999183e-01,-1.404301435542445686e+00
9.100000000000001421e-01,-1.225209242041163105e+00
9.119999999999999218e-01,-1.023684274622611579e+00
9.140000000000001457e-01,-8.055655036530378066e-01
9.159999999999999254e-01,-5.772300533108360998e-01
9.180000000000001492e-01,-3.453706986010174340e-01
9.199999999999999289e-01,-1.167622971901385864e-01
9.220000000000001528e-01,1.019745785799168747e-01
9.239999999999999325e-01,3.046044452256851387e-01
9.260000000000001563e-01,4.854939803058201386e-01
9.279999999999999361e-01,6.398076830201298026e-01
9.300000000000001599e-01,7.636752017094335931e-01
9.319999999999999396e-01,8.543244106298374385e-01
9.340000000000001634e-01,9.101755318775311965e-01
9.359999999999999432e-01,9.308929784586974510e-01
9.380000000000001670e-01,9.173930923493737177e-01
9.399999999999999467e-01,8.718075139042660293e-01
9.420000000000001705e-01,7.974034908021677692e-01
9.439999999999999503e-01,6.984639601738857895e-01
9.460000000000001741e-01,5.801316626067339888e-01
9.479999999999999538e-01,4.482228208756383059e-01
9.500000000000001776e-01,3.090169943749445092e-01
9.519999999999999574e-01,1.690305641275388349e-01
9.540000000000001812e-01,3.478188302897827766e-02
9.559999999999999609e-01,-8.744357888896003850e-02
9.580000000000001847e-01,-1.918197643803940533e-01
9.599999999999999645e-01,-2.731901993959423569e-01
9.620000000000001883e-01,-3.272543490437502811e-01
9.639999999999999680e-01,-3.507235480382948634e-01
9.660000000000001918e-01,-3.414409726753139251e-01
9.679999999999999716e-01,-2.984613955016742759e-01
9.700000000000001954e-01,-2.220878888737392032e-01
9.719999999999999751e-01,-1.138641690324238009e-01
9.740000000000001990e-01,2.347715587205290166e-02
9.759999999999999787e-01,1.861086078797269394e-01
9.780000000000002025e-01,3.692408076929894478e-01
9.799999999999999822e-01,5.672896856689085832e-01
9.820000000000002061e-01,7.740720180020718155e-01
9.839999999999999858e-01,9.830223668951670879e-01
9.860000000000002096e-01,1.187423744818737248e+00
9.879999999999999893e-01,1.380643836311705286e+00
9.900000000000002132e-01,1.556368413421115093e+00
9.919999999999999929e-01,1.708823679805653306e+00
9.940000000000002167e-01,1.832979670239931469e+00
9.959999999999999964e-01,1.924727502869545415e+00
9.980000000000002203e-01,1.981024207334707965e+00
1.000000000000000000e+00,2.000000000000000000e+00
1.002000000000000224e+00,1.981024207334703746e+00
1.004000000000000004e+00,1.924727502869553852e+00
1.006000000000000227e+00,1.832979670239926584e+00
1.008000000000000007e+00,1.708823679805668627e+00
1.010000000000000231e+00,1.556368413421095998e+00
1.012000000000000011e+00,1.380643836311725270e+00
1.014000000000000234e+00,1.187423744818713711e+00
1.016000000000000014e+00,9.830223668951894034e-01
1.018000000000000238e+00,7.740720180020594920e-01
1.020000000000000018e+00,5.672896856689300105e-01
1.022000000000000242e+00,3.692408076929664662e-01
1.024000000000000021e+00,1.861086078797447030e-01
1.026000000000000245e+00,2.347715587203424992e-02
1.028000000000000025e+00,-1.138641690324121436e-01
1.030000000000000249e+00,-2.220878888737517487e-01
1.032000000000000028e+00,-2.984613955016701681e-01
1.034000000000000252e+00,-3.414409726753191432e-01
1.036000000000000032e+00,-3.507235480382986381e-01
1.038000000000000256e+00,-3.272543490437513913e-01
1.040000000000000036e+00,-2.731901993959533481e-01
1.042000000000000259e+00,-1.918197643803863373e-01
1.044000000000000039e+00,-8.744357888897652531e-02
1.046000000000000263e+00,3.478188302898987949e-02
1.048000000000000043e+00,1.690305641275194892e-01
1.050000000000000266e+00,3.090169943749573322e-01
1.052000000000000046e+00,4.482228208756190435e-01
1.054000000000000270e+00,5.801316626067449800e-01
1.056000000000000050e+00,6.984639601738694692e-01
1.058000000000000274e+00,7.974034908021744306e-01
1.060000000000000053e+00,8.718075139042552602e-01
1.062000000000000277e+00,9.173930923493740508e-01
1.064000000000000057e+00,9.308929784586940093e-01
1.066000000000000281e+00,9.101755318775237580e-01
1.068000000000000060e+00,8.543244106298419904e-01
1.070000000000000284e+00,7.636752017094186051e-01
1.072000000000000064e+00,6.398076830201420151e-01
1.073999999999999844e+00,4.854939803058357373e-01
1.076000000000000068e+00,3.046044452257035684e-01
1.077999999999999847e+00,1.019745785799375803e-01
1.080000000000000071e+00,-1.167622971901163265e-01
1.081999999999999851e+00,-3.453706986009943414e-01
1.084000000000000075e+00,-5.772300533108128962e-01
1.085999999999999854e+00,-8.055655036530152691e-01
1.088000000000000078e+00,-1.023684274622590484e+00
1.089999999999999858e+00,-1.225209242041144231e+00
1.092000000000000082e+00,-1.404301435542429477e+00
1.093999999999999861e+00,-1.555863602711280658e+00
1.096000000000000085e+00,-1.675717631312432676e+00
1.097999999999999865e+00,-1.760749552295704401e+00
1.100000000000000089e+00,-1.809016994374948784e+00
1.101999999999999869e+00,-1.819815290770831595e+00
1.104000000000000092e+00,-1.793699903081090063e+00
1.105999999999999872e+00,-1.732464374315573430e+00
1.108000000000000096e+00,-1.639074598106410763e+00
1.109999999999999876e+00,-1.517561738180742692e+00
1.112000000000000099e+00,-1.372877596559817226e+00
1.113999999999999879e+00,-1.210717558750957323e+00
1.116000000000000103e+00,-1.037317392315900033e+00
1.117999999999999883e+00,-8.592311009649280518e-01
1.120000000000000107e+00,-6.830977069395347545e-01
1.121999999999999886e+00,-5.154052261589185946e-01
1.124000000000000110e+00,-3.622601995346095283e-01
1.125999999999999890e+00,-2.291709465075222329e-01
1.128000000000000114e+00,-1.208522202167542359e-01
1.129999999999999893e+00,-4.105818501933333753e-02
1.132000000000000117e+00,7.550366785272433212e-03
1.133999999999999897e+00,2.349985564169487784e-02
1.136000000000000121e+00,6.555489542545700488e-03
1.137999999999999901e+00,-4.227125252871855032e-02
1.140000000000000124e+00,-1.207594915133076707e-01
1.141999999999999904e+00,-2.255588647562888349e-01
1.144000000000000128e+00,-3.523096538345450446e-01
1.145999999999999908e+00,-4.957988645081382040e-01
1.148000000000000131e+00,-6.501467254564181619e-01
1.149999999999999911e+00,-8.090169943749334625e-01
1.152000000000000135e+00,-9.658436161527532704e-01
1.153999999999999915e+00,-1.114065698108838598e+00
1.156000000000000139e+00,-1.247362472188277671e+00
1.157999999999999918e+00,-1.359879914049699989e+00
1.160000000000000142e+00,-1.446440984123638085e+00
1.161999999999999922e+00,-1.502732035523533405e+00
1.164000000000000146e+00,-1.525458777616819583e+00
1.165999999999999925e+00,-1.512466262209777534e+00
1.168000000000000149e+00,-1.462818633479808117e+00
1.169999999999999929e+00,-1.376835807860236072e+00
1.172000000000000153e+00,-1.256085775565659812e+00
1.173999999999999932e+00,-1.103332787298788586e+00
1.176000000000000156e+00,-9.224432522186551964e-01
1.177999999999999936e+00,-7.182526711254637597e-01
1.180000000000000160e+00,-4.963983089606711641e-01
1.181999999999999940e+00,-2.631235242489632364e-01
1.184000000000000163e+00,-2.506067702142310283e-02
1.185999999999999943e+00,2.109997044949019074e-01
1.188000000000000167e+00,4.383453314484369034e-01
1.189999999999999947e+00,6.505757718217639596e-01
1.192000000000000171e+00,8.418250122948973679e-01
1.193999999999999950e+00,1.006965090696886111e+00
1.196000000000000174e+00,1.141783595810309304e+00
1.197999999999999954e+00,1.243128757018581387e+00
1.200000000000000178e+00,1.309016994374949672e+00
1.201999999999999957e+00,1.338699129441943025e+00
1.204000000000000181e+00,1.332682921601916926e+00
1.205999999999999961e+00,1.292711141592054025e+00
1.208000000000000185e+00,1.221695968969702895e+00
1.209999999999999964e+00,1.123612047271478342e+00
1.212000000000000188e+00,1.003351994987334850e+00
1.213999999999999968e+00,8.665495002552097148e-01
1.216000000000000192e+00,7.193762752822702167e-01
1.217999999999999972e+00,5.683200722485175493e-01
1.220000000000000195e+00,4.199516330464603819e-01
1.221999999999999975e+00,2.806888369097437219e-01
1.224000000000000199e+00,1.565664088991394198e-01
1.225999999999999979e+00,5.301935485265063530e-02
1.228000000000000203e+00,-2.531219824917008143e-02
1.229999999999999982e+00,-7.474983625128561737e-02
1.232000000000000206e+00,-9.270944974810513273e-02
1.233999999999999986e+00,-7.779488106240239897e-02
1.236000000000000210e+00,-2.984930347475311940e-02
1.237999999999999989e+00,5.003749228061438181e-02
1.240000000000000213e+00,1.595661667536861783e-01
1.241999999999999993e+00,2.953079464555458111e-01
1.244000000000000217e+00,4.528249497589243999e-01
1.245999999999999996e+00,6.268264642966114852e-01
1.248000000000000220e+00,8.113556420203054120e-01
1.250000000000000000e+00,9.999999999999936717e-01
1.252000000000000224e+00,1.186118271191745066e+00
1.254000000000000004e+00,1.363075569665963549e+00
1.256000000000000227e+00,1.524478539716917158e+00
1.258000000000000007e+00,1.664402158312927593e+00
1.260000000000000231e+00,1.777600155503585189e+00
1.262000000000000011e+00,1.859691597212660863e+00
1.264000000000000234e+00,1.907317018782504370e+00
1.266000000000000014e+00,1.918258575794141496e+00
1.268000000000000238e+00,1.891519952880845068e+00
1.270000000000000018e+00,1.827363196339020446e+00
1.272000000000000242e+00,1.727301161838546983e+00
1.274000000000000021e+00,1.594045840404221703e+00
1.276000000000000245e+00,1.431414388396516912e+00
1.278000000000000025e+00,1.244196185113177311e+00
1.280000000000000249e+00,1.037985621796348790e+00
1.282000000000000028e+00,8.189865393771195157e-01
1.284000000000000252e+00,5.937952362236268433e-01
1.286000000000000032e+00,3.691697259254843599e-01
1.288000000000000256e+00,1.517934118571874769e-01
1.290000000000000036e+00,-5.195845731346571128e-02
1.292000000000000259e+00,-2.362412858731304799e-01
1.294000000000000039e+00,-3.959447094119790678e-01
1.296000000000000263e+00,-5.268700501745988696e-01
1.298000000000000043e+00,-6.258753720154389688e-01
1.300000000000000266e+00,-6.909830056250580999e-01
1.302000000000000046e+00,-7.214457444387968321e-01
1.304000000000000270e+00,-7.177693759661993855e-01
1.306000000000000050e+00,-6.816907603071322708e-01
1.308000000000000274e+00,-6.161122425479265141e-01
1.310000000000000053e+00,-5.249947327631594440e-01
1.312000000000000277e+00,-4.132132516817225154e-01
1.314000000000000057e+00,-2.863800698347993556e-01
1.316000000000000281e+00,-1.506417160800542776e-01
1.318000000000000060e+00,-1.245705712034009260e-02
1.320000000000000284e+00,1.216356797892355623e-01
1.322000000000000064e+00,2.452546770779886753e-01
1.324000000000000288e+00,3.524047272787155238e-01
1.326000000000000068e+00,4.376936982527945275e-01
1.328000000000000291e+00,4.965275845220640250e-01
1.330000000000000071e+00,5.252772247300774300e-01
1.331999999999999851e+00,5.214107691491435270e-01
1.334000000000000075e+00,4.835871946467631410e-01
1.335999999999999854e+00,4.117075446404582229e-01
1.338000000000000078e+00,3.069220694085027512e-01
1.339999999999999858e+00,1.715930046262805764e-01
1.342000000000000082e+00,9.214297807665583484e-03
1.343999999999999861e+00,-1.757088822302634856e-01
1.346000000000000085e+00,-3.778165927395017443e-01
1.347999999999999865e+00,-5.910809869812619910e-01
1.350000000000000089e+00,-8.090169943749363490e-01
1.351999999999999869e+00,-1.024909354627835389e+00
1.354000000000000092e+00,-1.232047969877507976e+00
1.355999999999999872e+00,-1.423963243792519151e+00
1.358000000000000096e+00,-1.594653076613684384e+00
1.359999999999999876e+00,-1.738793480263186364e+00
1.362000000000000099e+00,-1.851925357460760146e+00
1.363999999999999879e+00,-1.930610832714709346e+00
1.366000000000000103e+00,-1.972553601214847907e+00
1.367999999999999883e+00,-1.976679035843687871e+00
1.370000000000000107e+00,-1.943171217609631629e+00
1.371999999999999886e+00,-1.873465580304485734e+00
1.374000000000000110e+00,-1.770197432059094966e+00
1.375999999999999890e+00,-1.637108179032011446e+00
1.378000000000000114e+00,-1.478912574362344801e+00
1.379999999999999893e+00,-1.301131695689461187e+00
1.382000000000000117e+00,-1.109897568093509035e+00
1.383999999999999897e+00,-9.117363532572826390e-01
1.386000000000000121e+00,-7.133377844212394070e-01
1.387999999999999901e+00,-5.213190134296974421e-01
1.390000000000000124e+00,-3.419912335957694394e-01
1.391999999999999904e+00,-1.811373432636104175e-01
1.394000000000000128e+00,-4.380852331152818024e-02
1.395999999999999908e+00,6.585306869540852315e-02
1.398000000000000131e+00,1.447592106865465134e-01
1.399999999999999911e+00,1.909830056250517716e-01
1.402000000000000135e+00,2.038249491616647147e-01
1.403999999999999915e+00,1.838353404640820088e-01
1.406000000000000139e+00,1.327922482927309522e-01
1.407999999999999918e+00,5.363581930039340584e-02
1.410000000000000142e+00,-4.963873745620761557e-02
1.411999999999999922e+00,-1.721256914924276238e-01
1.414000000000000146e+00,-3.081857293233407624e-01
1.415999999999999925e+00,-4.516490142521625284e-01
1.418000000000000149e+00,-5.960371657296407166e-01
1.419999999999999929e+00,-7.347962859400087865e-01
1.422000000000000153e+00,-8.615327696235111077e-01
1.423999999999999932e+00,-9.702435342716602129e-01
1.426000000000000156e+00,-1.055532505245773134e+00
1.427999999999999936e+00,-1.112805677067574273e+00
1.430000000000000160e+00,-1.138437830880877799e+00
1.431999999999999940e+00,-1.129904991999115538e+00
1.434000000000000163e+00,-1.085877924979012699e+00
1.435999999999999943e+00,-1.006273343798572473e+00
1.438000000000000167e+00,-8.922610125826581084e-01
1.439999999999999947e+00,-7.462264748456538532e-01
1.442000000000000171e+00,-5.716907210551998020e-01
1.443999999999999950e+00,-3.731896297841243992e-01
1.446000000000000174e+00,-1.561174427626232097e-01
1.447999999999999954e+00,7.346019170414372357e-02
1.450000000000000178e+00,3.090169943749670467e-01
1.451999999999999957e+00,5.437931932989386041e-01
1.454000000000000181e+00,7.710309883983512691e-01
1.455999999999999961e+00,9.842100110690138459e-01
1.458000000000000185e+00,1.177274447476977404e+00
1.459999999999999964e+00,1.344843789353928010e+00
1.462000000000000188e+00,1.482399755888294424e+00
1.463999999999999968e+00,1.586442774218955964e+00
1.466000000000000192e+00,1.654612484181229970e+00
1.467999999999999972e+00,1.685768007127283585e+00
1.470000000000000195e+00,1.680025143716568081e+00
1.471999999999999975e+00,1.638749191055322019e+00
1.474000000000000199e+00,1.564503641423616864e+00
1.475999999999999979e+00,1.460956587377141958e+00
1.478000000000000203e+00,1.332748155896403830e+00
1.479999999999999982e+00,1.185323674418823581e+00
1.482000000000000206e+00,1.024738485130680665e+00
1.483999999999999986e+00,8.574413278365767832e-01
1.486000000000000210e+00,6.900439704890056758e-01
1.487999999999999989e+00,5.290852531815971593e-01
1.490000000000000213e+00,3.807979088361540532e-01
1.491999999999999993e+00,2.508864249628428578e-01
1.494000000000000217e+00,1.443238192359003191e-01
1.495999999999999996e+00,6.517453109305637593e-02
1.498000000000000220e+00,1.644970587732574874e-02
1.500000000000000000e+00,0.000000000000000000e+00
1.502000000000000224e+00,1.644970587733007861e-02
1.504000000000000004e+00,6.517453109304460757e-02
1.506000000000000227e+00,1.443238192358975436e-01
1.508000000000000007e+00,2.508864249628213194e-01
1.510000000000000231e+00,3.807979088361711506e-01
1.512000000000000011e+00,5.290852531815688486e-01
1.514000000000000234e+00,6.900439704890255488e-01
1.516000000000000014e+00,8.574413278365456970e-01
1.518000000000000238e+00,1.024738485130671783e+00
1.520000000000000018e+00,1.185323674418794271e+00
1.522000000000000242e+00,1.332748155896419595e+00
1.524000000000000021e+00,1.460956587377118643e+00
1.526000000000000245e+00,1.564503641423625524e+00
1.528000000000000025e+00,1.638749191055308252e+00
1.530000000000000249e+00,1.680025143716564084e+00
1.532000000000000028e+00,1.685768007127281809e+00
1.534000000000000252e+00,1.654612484181225085e+00
1.536000000000000032e+00,1.586442774218966179e+00
1.538000000000000256e+00,1.482399755888280435e+00
1.540000000000000036e+00,1.344843789353949326e+00
1.542000000000000259e+00,1.177274447476976516e+00
1.544000000000000039e+00,9.842100110690437109e-01
1.546000000000000263e+00,7.710309883983180734e-01
1.548000000000000043e+00,5.437931932989731321e-01
1.550000000000000266e+00,3.090169943749318526e-01
1.552000000000000046e+00,7.346019170417830702e-02
1.554000000000000270e+00,-1.561174427626305650e-01
1.556000000000000050e+00,-3.731896297840942012e-01
1.558000000000000274e+00,-5.716907210552288898e-01
1.560000000000000053e+00,-7.462264748456318708e-01
1.562000000000000277e+00,-8.922610125826797578e-01
1.564000000000000057e+00,-1.006273343798561593e+00
1.566000000000000281e+00,-1.085877924979023801e+00
1.568000000000000060e+00,-1.129904991999116870e+00
1.570000000000000284e+00,-1.138437830880874468e+00
1.572000000000000064e+00,-1.112805677067586929e+00
1.574000000000000288e+00,-1.055532505245761365e+00
1.576000000000000068e+00,-9.702435342716824174e-01
1.578000000000000291e+00,-8.615327696235184352e-01
1.580000000000000071e+00,-7.347962859400369862e-01
1.582000000000000295e+00,-5.960371657296200665e-01
1.584000000000000075e+00,-4.516490142521922269e-01
1.585999999999999854e+00,-3.081857293233696282e-01
1.588000000000000078e+00,-1.721256914924545467e-01
1.589999999999999858e+00,-4.963873745623148537e-02
1.592000000000000082e+00,5.363581930037342183e-02
1.593999999999999861e+00,1.327922482927156311e-01
1.596000000000000085e+00,1.838353404640721278e-01
1.597999999999999865e+00,2.038249491616606068e-01
1.600000000000000089e+00,1.909830056250534369e-01
1.601999999999999869e+00,1.447592106865541739e-01
1.604000000000000092e+00,6.585306869542206787e-02
1.605999999999999872e+00,-4.380852331150952850e-02
1.608000000000000096e+00,-1.811373432635869918e-01
1.609999999999999876e+00,-3.419912335957422389e-01
1.612000000000000099e+00,-5.213190134296672440e-01
1.613999999999999879e+00,-7.133377844212072105e-01
1.616000000000000103e+00,-9.117363532572497764e-01
1.617999999999999883e+00,-1.109897568093476394e+00
1.620000000000000107e+00,-1.301131695689430101e+00
1.621999999999999886e+00,-1.478912574362316157e+00
1.624000000000000110e+00,-1.637108179031986133e+00
1.625999999999999890e+00,-1.770197432059074538e+00
1.628000000000000114e+00,-1.873465580304470635e+00
1.629999999999999893e+00,-1.943171217609622081e+00
1.632000000000000117e+00,-1.976679035843684318e+00
1.633999999999999897e+00,-1.972553601214850794e+00
1.636000000000000121e+00,-1.930610832714718228e+00
1.637999999999999901e+00,-1.851925357460774801e+00
1.640000000000000124e+00,-1.738793480263206570e+00
1.641999999999999904e+00,-1.594653076613709031e+00
1.644000000000000128e+00,-1.423963243792535804e+00
1.645999999999999908e+00,-1.232047969877526405e+00
1.648000000000000131e+00,-1.024909354627868696e+00
1.649999999999999911e+00,-8.090169943749704329e-01
1.652000000000000135e+00,-5.910809869813095085e-01
1.653999999999999915e+00,-3.778165927395338297e-01
1.656000000000000139e+00,-1.757088822302808051e-01
1.657999999999999918e+00,9.214297807650262406e-03
1.660000000000000142e+00,1.715930046262592601e-01
1.661999999999999922e+00,3.069220694084866530e-01
1.664000000000000146e+00,4.117075446404442340e-01
1.665999999999999925e+00,4.835871946467587001e-01
1.668000000000000149e+00,5.214107691491431940e-01
1.669999999999999929e+00,5.252772247300803166e-01
1.672000000000000153e+00,4.965275845220629147e-01
1.673999999999999932e+00,4.376936982528124020e-01
1.676000000000000156e+00,3.524047272787225182e-01
1.677999999999999936e+00,2.452546770780141272e-01
1.680000000000000160e+00,1.216356797892163277e-01
1.681999999999999940e+00,-1.245705712032499357e-02
1.684000000000000163e+00,-1.506417160800533062e-01
1.685999999999999943e+00,-2.863800698347709894e-01
1.688000000000000167e+00,-4.132132516817076384e-01
1.689999999999999947e+00,-5.249947327631362404e-01
1.692000000000000171e+00,-6.161122425479321763e-01
1.693999999999999950e+00,-6.816907603071253874e-01
1.696000000000000174e+00,-7.177693759661920581e-01
1.697999999999999954e+00,-7.214457444387936125e-01
1.700000000000000178e+00,-6.909830056250474417e-01
1.701999999999999957e+00,-6.258753720154478506e-01
1.704000000000000181e+00,-5.268700501745795517e-01
1.705999999999999961e+00,-3.959447094119914468e-01
1.708000000000000185e+00,-2.362412858731198773e-01
1.709999999999999964e+00,-5.195845731349424401e-02
1.712000000000000188e+00,1.517934118571873658e-01
1.713999999999999968e+00,3.691697259254506647e-01
1.716000000000000192e+00,5.937952362236543769e-01
1.717999999999999972e+00,8.189865393770994206e-01
1.720000000000000195e+00,1.037985621796361446e+00
1.721999999999999975e+00,1.244196185113146891e+00
1.724000000000000199e+00,1.431414388396520465e+00
1.725999999999999979e+00,1.594045840404199499e+00
1.728000000000000203e+00,1.727301161838562749e+00
1.729999999999999982e+00,1.827363196339015339e+00
1.732000000000000206e+00,1.891519952880851285e+00
1.733999999999999986e+00,1.918258575794141052e+00
1.736000000000000210e+00,1.907317018782509255e+00
1.737999999999999989e+00,1.859691597212672631e+00
1.740000000000000213e+00,1.777600155503573642e+00
1.741999999999999993e+00,1.664402158312940250e+00
1.744000000000000217e+00,1.524478539716908942e+00
1.745999999999999996e+00,1.363075569665993525e+00
1.748000000000000220e+00,1.186118271191749285e+00
1.750000000000000000e+00,1.000000000000025979e+00
1.752000000000000224e+00,8.113556420202808761e-01
1.754000000000000004e+00,6.268264642966285827e-01
1.756000000000000227e+00,4.528249497589145189e-01
1.758000000000000007e+00,2.953079464555699030e-01
1.760000000000000231e+00,1.595661667536865114e-01
1.762000000000000011e+00,5.003749228063392174e-02
1.764000000000000234e+00,-2.984930347476189016e-02
1.766000000000000014e+00,-7.779488106240151080e-02
1.768000000000000238e+00,-9.270944974810890749e-02
1.770000000000000018e+00,-7.474983625129250076e-02
1.772000000000000242e+00,-2.531219824917796402e-02
1.774000000000000021e+00,5.301935485262465608e-02
1.776000000000000245e+00,1.565664088991514102e-01
1.778000000000000025e+00,2.806888369097297331e-01
1.780000000000000249e+00,4.199516330464672653e-01
1.782000000000000028e+00,5.683200722484875733e-01
1.784000000000000252e+00,7.193762752822632223e-01
1.786000000000000032e+00,8.665495002551668602e-01
1.788000000000000256e+00,1.003351994987350615e+00
1.790000000000000036e+00,1.123612047271466130e+00
1.792000000000000259e+00,1.221695968969703117e+00
1.794000000000000039e+00,1.292711141592039370e+00
1.796000000000000263e+00,1.332682921601908266e+00
1.798000000000000043e+00,1.338699129441933700e+00
1.800000000000000266e+00,1.309016994374942344e+00
1.802000000000000046e+00,1.243128757018584274e+00
1.804000000000000270e+00,1.141783595810297980e+00
1.806000000000000050e+00,1.006965090696909870e+00
1.808000000000000274e+00,8.418250122948888192e-01
1.810000000000000053e+00,6.505757718218080354e-01
1.812000000000000277e+00,4.383453314484034302e-01
1.814000000000000057e+00,2.109997044949259437e-01
1.816000000000000281e+00,-2.506067702144461340e-02
1.818000000000000060e+00,-2.631235242489282089e-01
1.820000000000000284e+00,-4.963983089606714971e-01
1.822000000000000064e+00,-7.182526711254200169e-01
1.824000000000000288e+00,-9.224432522186813976e-01
1.826000000000000068e+00,-1.103332787298774376e+00
1.828000000000000291e+00,-1.256085775565671803e+00
1.830000000000000071e+00,-1.376835807860223415e+00
1.832000000000000295e+00,-1.462818633479814556e+00
1.834000000000000075e+00,-1.512466262209780865e+00
1.836000000000000298e+00,-1.525458777616819805e+00
1.838000000000000078e+00,-1.502732035523541398e+00
1.839999999999999858e+00,-1.446440984123643858e+00
1.842000000000000082e+00,-1.359879914049723970e+00
1.843999999999999861e+00,-1.247362472188302762e+00
1.846000000000000085e+00,-1.114065698108877456e+00
1.847999999999999865e+00,-9.658436161527832464e-01
1.850000000000000089e+00,-8.090169943749477843e-01
1.851999999999999869e+00,-6.501467254564343712e-01
1.854000000000000092e+00,-4.957988645081668477e-01
1.855999999999999872e+00,-3.523096538345709128e-01
1.858000000000000096e+00,-2.255588647563215865e-01
1.859999999999999876e+00,-1.207594915133256563e-01
1.862000000000000099e+00,-4.227125252872532268e-02
1.863999999999999879e+00,6.555489542540926529e-03
1.866000000000000103e+00,2.349985564169343455e-02
1.867999999999999883e+00,7.550366785276318993e-03
1.870000000000000107e+00,-4.105818501931857156e-02
1.871999999999999886e+00,-1.208522202167314763e-01
1.874000000000000110e+00,-2.291709465075106866e-01
1.875999999999999890e+00,-3.622601995345958725e-01
1.878000000000000114e+00,-5.154052261588901729e-01
1.879999999999999893e+00,-6.830977069395043344e-01
1.882000000000000117e+00,-8.592311009648829767e-01
1.883999999999999897e+00,-1.037317392315854292e+00
1.886000000000000121e+00,-1.210717558750941558e+00
1.887999999999999901e+00,-1.372877596559801683e+00
1.890000000000000124e+00,-1.517561738180717601e+00
1.891999999999999904e+00,-1.639074598106389891e+00
1.894000000000000128e+00,-1.732464374315549893e+00
1.895999999999999908e+00,-1.793699903081074520e+00
1.898000000000000131e+00,-1.819815290770829819e+00
1.899999999999999911e+00,-1.809016994374948339e+00
1.902000000000000135e+00,-1.760749552295712395e+00
1.903999999999999915e+00,-1.675717631312444222e+00
1.906000000000000139e+00,-1.555863602711307525e+00
1.907999999999999918e+00,-1.404301435542466114e+00
1.910000000000000142e+00,-1.225209242041158220e+00
1.911999999999999922e+00,-1.023684274622612023e+00
1.914000000000000146e+00,-8.055655036530461333e-01
1.915999999999999925e+00,-5.772300533108507548e-01
1.918000000000000149e+00,-3.453706986010461888e-01
1.919999999999999929e+00,-1.167622971901632334e-01
1.922000000000000153e+00,1.019745785799157090e-01
1.923999999999999932e+00,3.046044452256869151e-01
1.926000000000000156e+00,4.854939803058088699e-01
1.927999999999999936e+00,6.398076830201235854e-01
1.930000000000000160e+00,7.636752017094249334e-01
1.931999999999999940e+00,8.543244106298332197e-01
1.934000000000000163e+00,9.101755318775299752e-01
1.935999999999999943e+00,9.308929784586991163e-01
1.938000000000000167e+00,9.173930923493773815e-01
1.939999999999999947e+00,8.718075139042750221e-01
1.942000000000000171e+00,7.974034908021849777e-01
1.943999999999999950e+00,6.984639601739093262e-01
1.946000000000000174e+00,5.801316626067332116e-01
1.947999999999999954e+00,4.482228208756305898e-01
1.950000000000000178e+00,3.090169943749577208e-01
1.951999999999999957e+00,1.690305641275451354e-01
1.954000000000000181e+00,3.478188302900381279e-02
1.955999999999999961e+00,-8.744357888893983244e-02
1.958000000000000185e+00,-1.918197643804005481e-01
1.959999999999999964e+00,-2.731901993959452435e-01
1.962000000000000188e+00,-3.272543490437495040e-01
1.963999999999999968e+00,-3.507235480382928650e-01
1.966000000000000192e+00,-3.414409726753131480e-01
1.967999999999999972e+00,-2.984613955016781617e-01
1.970000000000000195e+00,-2.220878888737388701e-01
1.971999999999999975e+00,-1.138641690324228017e-01
1.974000000000000199e+00,2.347715587204546317e-02
1.975999999999999979e+00,1.861086078797200560e-01
1.978000000000000203e+00,3.692408076929670213e-01
1.979999999999999982e+00,5.672896856688860456e-01
1.982000000000000206e+00,7.740720180020748131e-01
1.983999999999999986e+00,9.830223668951687532e-01
1.986000000000000210e+00,1.187423744818727478e+00
1.987999999999999989e+00,1.380643836311694184e+00
1.990000000000000213e+00,1.556368413421095553e+00
1.991999999999999993e+00,1.708823679805635987e+00
1.994000000000000217e+00,1.832979670239932801e+00
1.995999999999999996e+00,1.924727502869546747e+00
1.998000000000000220e+00,1.981024207334705745e+00
